5.228470728854e-03,1.441624154180e-02,2.329963554331e-02,1.923900994072e-01,5.908672547359e-02,4.061025858513e-04,1.360403637009e-02,1.091390693077e-02,1.923860968480e-02,2.238570459718e-02,6.390304671365e-01
8.378038977363e-03,1.426612463169e-02,3.347005620280e-02,4.987729392003e-01,8.971057513462e-02,1.202876954860e-03,1.186037072197e-02,2.521831634540e-02,2.144128665420e-02,1.654557942144e-02,2.791338357553e-01
3.623188405797e-03,1.449275362319e-02,1.811594202899e-02,3.623188405797e-02,4.347826086957e-02,0.000000000000e+00,1.449275362319e-02,3.623188405797e-03,1.811594202899e-02,2.536231884058e-02,8.224637681159e-01
3.623188405797e-03,1.449275362319e-02,1.811594202899e-02,3.623188405797e-02,4.347826086957e-02,0.000000000000e+00,1.449275362319e-02,3.623188405797e-03,1.811594202899e-02,2.536231884058e-02,8.224637681159e-01
2.999263860775e-03,3.352245224637e-02,1.499631930387e-02,7.304343221429e-02,5.751656313257e-02,0.000000000000e+00,9.809864265617e-02,2.999263860775e-03,1.499631930387e-02,2.099484702542e-02,6.808328963959e-01
1.061946902655e-02,1.415929203540e-02,4.070796460177e-02,7.168141592920e-01,1.115044247788e-01,1.769911504425e-03,1.061946902655e-02,3.539823008850e-02,2.300884955752e-02,1.238938053097e-02,2.300884955752e-02
7.734893157774e-03,1.598368041185e-02,9.830908215827e-02,6.405627636692e-02,1.982128100319e-01,0.000000000000e+00,7.505024575349e-03,5.008629023129e-01,7.625374559707e-02,7.734893157774e-03,2.334669223026e-02
9.928312293762e-03,1.358736080335e-02,6.953109050277e-02,3.000919618107e-01,2.649629242354e-01,6.138446944697e-04,8.098176784261e-03,2.449428800113e-01,5.380758872474e-02,1.054215698823e-02,2.389370315104e-02
8.333619030593e-03,1.169858529406e-02,5.884832422476e-02,6.431758538889e-02,2.648777605774e-01,4.175106043339e-04,6.987563209650e-03,4.756106638356e-02,2.659335839744e-01,1.553717330451e-02,2.554872280079e-01
7.335196774059e-03,4.369244228980e-02,5.358229549163e-02,1.267561561669e-01,2.925482164864e-01,4.129346838327e-04,1.477113350961e-01,4.673206464883e-02,2.583978986726e-01,8.161066141724e-03,1.467039354812e-02
1.119067236243e-02,1.277326869589e-02,4.455710795226e-02,5.817053920230e-01,2.290810853030e-01,1.377014836006e-03,9.433522354595e-03,4.276893012136e-02,3.078695959220e-02,1.256768719844e-02,2.375835956086e-02
1.205162161993e-02,1.068417766633e-02,5.035874968206e-02,3.780619859783e-01,4.062991304712e-01,7.848192487207e-04,7.645997943368e-03,5.387845683798e-02,4.251055719485e-02,1.283644086865e-02,2.488806248859e-02
1.146821536161e-02,9.472699418911e-03,6.853249116141e-02,8.906596909119e-02,4.723872326564e-01,3.502392164792e-04,4.447190458052e-03,6.691969558313e-02,2.422511425351e-01,1.216869379457e-02,2.293643072322e-02
7.246376811594e-03,1.328502415459e-02,9.420289855072e-02,4.227053140097e-02,5.917874396135e-02,1.207729468599e-03,2.415458937198e-03,6.280193236715e-02,6.932367149758e-01,9.661835748792e-03,1.449275362319e-02
2.210372815744e-01,2.305658157471e-02,3.159475950504e-01,4.553452302923e-02,4.202812359437e-02,0.000000000000e+00,3.942338013083e-03,2.429455762182e-01,7.293927409638e-02,6.422858034278e-03,2.614584881495e-02
8.508770139857e-03,1.364531096721e-02,8.990832442677e-02,6.408532208101e-02,2.263208303278e-01,4.216681523500e-04,5.342503677855e-03,2.731165262054e-01,2.885174135781e-01,9.352106444557e-03,2.078122399909e-02
9.014750681628e-03,1.263850786592e-02,8.559238066086e-02,6.682647030423e-02,2.598667627099e-01,5.130433178294e-04,4.735791741911e-03,1.969715088642e-01,3.333863223223e-01,1.004083731729e-02,2.041362421395e-02
1.322164124811e-02,1.241696324921e-02,2.309082925813e-01,7.118286287906e-02,2.963770343128e-01,3.933222726199e-04,3.860509615494e-03,7.070057817045e-02,2.677490443797e-01,1.158768012725e-02,2.160207116402e-02
1.113412339798e-02,1.131759231651e-02,6.788901774039e-02,1.841457123310e-01,4.268922850526e-01,2.604045453341e-04,6.748848386159e-03,1.967680375062e-01,5.849625896823e-02,1.139452794331e-02,2.495319181230e-02
7.764087456495e-03,1.503254993877e-02,8.544487450355e-02,2.159087051039e-01,7.489677867796e-02,9.876545238957e-04,6.221030483212e-03,2.257170992462e-01,3.396960481269e-01,9.290686249805e-03,1.904048568934e-02
1.204255563720e-02,1.187700822516e-02,3.326492947742e-01,2.095108478859e-01,6.070328538434e-02,4.396928720342e-04,4.205556966370e-03,5.590308949436e-02,6.397151758672e-02,2.145934685649e-01,3.410368260886e-02
6.315092058090e-03,1.818708253199e-02,1.072270110862e-01,7.954164145179e-02,6.923855454631e-02,7.581936422826e-05,8.268484015664e-03,6.031611102172e-01,7.912133003791e-02,6.390911422318e-03,2.247296326828e-02
1.150690185327e-02,1.836040373713e-02,3.172694484133e-01,5.038684101340e-02,6.193471309527e-02,0.000000000000e+00,6.411842691829e-03,4.265190533766e-01,7.687655993619e-02,8.104733048495e-03,2.262950283454e-02
2.064220183486e-02,1.834862385321e-02,6.685779816514e-01,4.931192660550e-02,5.275229357798e-02,0.000000000000e+00,3.440366972477e-03,8.371559633028e-02,6.880733944954e-02,1.146788990826e-02,2.293577981651e-02
1.871853955489e-02,1.754456574348e-02,5.480709411440e-01,1.774255749862e-01,6.402858526615e-02,3.396989688413e-04,4.818251436688e-03,7.444204821873e-02,6.001723906774e-02,1.164475152736e-02,2.294980408587e-02
1.153979823407e-02,1.035891213074e-02,7.024030030827e-02,9.481718069665e-02,5.070186741947e-01,0.000000000000e+00,5.951765534300e-03,1.995074653786e-01,6.356106910492e-02,1.153979823407e-02,2.546503618363e-02
1.087114518479e-02,1.676253680100e-02,2.741862503259e-01,4.775012825747e-02,6.035910844743e-02,3.800096752908e-04,4.925132416933e-03,2.856281223252e-01,2.701904982486e-01,8.854147477197e-03,2.009292084015e-02
1.040268630472e-02,1.691061329529e-02,2.578900740362e-01,4.805537673692e-02,6.103427530102e-02,3.449553113242e-04,5.233728979623e-03,3.184044309008e-01,2.528236573537e-01,8.590963571664e-03,2.030923820876e-02
2.064220183486e-02,1.834862385321e-02,6.685779816514e-01,4.931192660550e-02,5.275229357798e-02,0.000000000000e+00,3.440366972477e-03,8.371559633028e-02,6.880733944954e-02,1.146788990826e-02,2.293577981651e-02
2.064220183486e-02,1.834862385321e-02,6.685779816514e-01,4.931192660550e-02,5.275229357798e-02,0.000000000000e+00,3.440366972477e-03,8.371559633028e-02,6.880733944954e-02,1.146788990826e-02,2.293577981651e-02
7.246376811594e-03,1.328502415459e-02,9.420289855072e-02,4.227053140097e-02,5.917874396135e-02,1.207729468599e-03,2.415458937198e-03,6.280193236715e-02,6.932367149758e-01,9.661835748792e-03,1.449275362319e-02
1.215366776851e-02,1.513997201837e-02,3.046136531168e-01,4.485000485268e-02,5.682454317143e-02,7.653020787691e-04,2.790913373522e-03,7.046323235159e-02,4.644895775331e-01,1.032344735010e-02,1.758568638512e-02
1.425064133867e-02,1.494405439582e-02,3.168796460070e-01,6.901625996394e-02,2.490299832592e-01,0.000000000000e+00,5.327705462351e-03,2.272604255947e-01,6.878602711668e-02,1.057481230549e-02,2.393044455617e-02
1.529024814018e-02,1.282263398434e-02,2.686651150740e-01,2.092566731987e-01,3.289080139217e-01,3.539603797695e-04,5.701424007319e-03,6.726112172124e-02,5.481318791224e-02,1.242719401343e-02,2.450042764709e-02
1.667811659906e-02,1.685020619170e-02,4.986092202816e-01,4.722824077643e-02,5.465400527092e-02,3.573906457422e-04,3.137076745586e-03,7.752683629506e-02,2.535881397381e-01,1.093344334628e-02,2.043732410958e-02
1.144545758824e-02,9.493249712658e-03,6.867086720464e-02,8.881371880895e-02,4.701598369306e-01,3.548615080698e-04,4.436238432067e-03,6.689749882668e-02,2.446821752072e-01,1.215518060438e-02,2.289091517647e-02
1.246701164993e-02,1.525841548720e-02,3.180489523698e-01,4.501471125189e-02,5.667422104470e-02,7.370518859861e-04,2.814887160975e-03,7.095242720368e-02,4.498834503361e-01,1.036569305123e-02,1.778317855852e-02
1.413710054859e-02,1.348482646932e-02,2.977473383354e-01,6.571453502327e-02,2.405171844671e-01,3.744330662539e-04,3.702490437252e-03,7.245992181001e-02,2.590024395256e-01,1.145248752742e-02,2.140724278982e-02
1.416930702084e-02,1.590188032136e-02,3.910385624480e-01,4.590950753659e-02,5.585756983285e-02,5.835777789320e-04,2.945128949071e-03,7.361006369051e-02,3.705331129311e-01,1.059520020215e-02,1.885608928857e-02
7.787937810607e-03,1.342539072531e-02,8.561411175650e-02,1.505707193943e-01,6.757980333704e-02,1.297989635101e-03,3.732639617940e-03,5.840217824336e-02,5.856294367778e-01,1.009975199387e-02,1.586004070815e-02
1.437632231644e-02,1.315451963313e-02,2.919248396513e-01,6.930811903832e-02,2.727058055408e-01,3.157677813083e-04,3.853724202771e-03,7.264097666040e-02,2.280765518709e-01,1.163548147661e-02,2.200789182800e-02
1.071601513624e-02,1.157670572777e-02,7.631734759358e-02,8.815727393084e-02,4.401604881669e-01,0.000000000000e+00,6.288054750171e-03,2.647525924997e-01,6.630910411521e-02,1.071601513624e-02,2.500640294333e-02
1.209341481110e-02,1.511719650014e-02,3.020301767455e-01,4.481833342635e-02,5.685344864314e-02,7.707343139701e-04,2.786303449154e-03,7.036916497598e-02,4.672981926431e-01,1.031532391581e-02,1.754771057573e-02
1.201808418719e-02,1.586953111405e-02,3.228141893700e-01,4.352626370279e-02,5.160641266264e-02,3.126719015368e-04,6.523431823579e-03,5.403659702059e-02,2.151099688105e-01,1.520974062041e-02,2.629731087868e-01
2.064220183486e-02,1.834862385321e-02,6.685779816514e-01,4.931192660550e-02,5.275229357798e-02,0.000000000000e+00,3.440366972477e-03,8.371559633028e-02,6.880733944954e-02,1.146788990826e-02,2.293577981651e-02
1.470239743860e-02,1.835628317545e-02,4.401559293515e-01,5.001083975980e-02,5.872273526320e-02,0.000000000000e+00,5.372431007237e-03,3.066076179737e-01,7.405397518318e-02,9.281153409054e-03,2.273663743830e-02
1.240270962074e-02,1.523410942653e-02,3.152918632544e-01,4.498091146731e-02,5.670506899915e-02,7.428491739782e-04,2.809967444101e-03,7.085203838639e-02,4.528808077864e-01,1.035702371231e-02,1.774265072870e-02
1.599841193030e-02,1.835461197688e-02,4.899956665305e-01,4.985834289021e-02,5.742003597722e-02,0.000000000000e+00,4.950871167739e-03,2.579744861629e-01,7.290920416215e-02,9.758280601033e-03,2.278008860114e-02
8.638114607358e-03,1.499581377842e-02,7.167274424843e-02,3.792542001294e-01,8.720087517165e-02,1.183319309658e-03,7.931296786595e-03,1.913445303636e-01,2.069344585812e-01,1.012632160132e-02,2.071832542241e-02
1.562343075869e-02,1.638414425862e-02,4.200701191898e-01,1.598093121772e-01,6.423136569023e-02,5.981565513860e-04,4.392599731558e-03,7.038638490213e-02,2.164838699621e-01,1.117344648120e-02,2.084717029714e-02
1.254170455264e-02,1.555725422747e-02,2.701204215866e-01,6.582431682658e-02,2.167582917571e-01,0.000000000000e+00,5.917892918744e-03,3.086290248926e-01,7.131009406457e-02,9.684288787441e-03,2.365671038634e-02
7.246376811594e-03,1.328502415459e-02,9.420289855072e-02,4.227053140097e-02,5.917874396135e-02,1.207729468599e-03,2.415458937198e-03,6.280193236715e-02,6.932367149758e-01,9.661835748792e-03,1.449275362319e-02
1.240071748657e-02,1.676030009092e-02,2.593963631264e-01,3.038163674594e-01,7.955806755830e-02,6.734482346272e-04,7.612267974077e-03,2.314867126261e-01,5.529222062581e-02,1.018840361119e-02,2.281513120659e-02
7.246376811594e-03,1.328502415459e-02,9.420289855072e-02,4.227053140097e-02,5.917874396135e-02,1.207729468599e-03,2.415458937198e-03,6.280193236715e-02,6.932367149758e-01,9.661835748792e-03,1.449275362319e-02
2.064220183486e-02,1.834862385321e-02,6.685779816514e-01,4.931192660550e-02,5.275229357798e-02,0.000000000000e+00,3.440366972477e-03,8.371559633028e-02,6.880733944954e-02,1.146788990826e-02,2.293577981651e-02
6.730407334659e-03,1.561820192091e-02,1.015486745250e-01,4.628739903939e-02,6.292857476522e-02,6.532885832956e-04,5.054144946438e-03,3.225337253796e-01,4.124633246101e-01,8.036984501250e-03,1.814527439413e-02
3.428461096641e-01,2.482124540061e-02,8.742102829992e-02,4.137973322394e-02,3.402139616157e-02,2.609699481015e-04,3.095742163427e-03,2.279127327478e-01,2.078538146230e-01,4.018111285230e-03,2.636911648233e-02
7.246376811594e-03,1.328502415459e-02,9.420289855072e-02,4.227053140097e-02,5.917874396135e-02,1.207729468599e-03,2.415458937198e-03,6.280193236715e-02,6.932367149758e-01,9.661835748792e-03,1.449275362319e-02
9.950152698795e-03,1.430704696720e-02,2.101331601956e-01,4.369174693142e-02,5.788164717510e-02,9.639647277348e-04,2.622323510867e-03,6.702308785689e-02,5.672036348277e-01,1.002636467320e-02,1.619687043547e-02
1.206133470990e-02,1.498966498400e-02,2.436011425124e-01,2.385388144119e-01,7.240302312179e-02,1.023091700419e-03,5.072035566082e-03,6.091117872296e-02,3.210665727499e-01,1.096548908728e-02,1.936765243340e-02
1.599681540883e-02,3.924255913481e-01,4.612059161950e-02,4.559329244906e-02,4.142226976317e-02,5.912896361474e-04,1.363165686424e-02,6.809429385551e-02,3.518493287406e-01,4.730317089179e-03,1.954455322572e-02
7.246376811594e-03,1.328502415459e-02,9.420289855072e-02,4.227053140097e-02,5.917874396135e-02,1.207729468599e-03,2.415458937198e-03,6.280193236715e-02,6.932367149758e-01,9.661835748792e-03,1.449275362319e-02
2.481983581189e-01,2.356744969716e-02,4.746244123577e-01,4.451521167540e-02,3.568877966663e-02,0.000000000000e+00,2.327529108693e-03,6.779050276234e-02,6.885850440880e-02,7.758430362312e-03,2.667082184209e-02
8.389351426823e-03,1.358127042685e-02,7.607610341719e-02,2.708401032987e-01,7.690933686768e-02,1.398225237804e-03,5.195393394263e-03,5.351616901656e-02,4.661295421580e-01,1.058606617277e-02,1.737843858331e-02
1.361204434282e-02,1.399977309840e-02,3.024999636032e-01,5.955828308938e-02,1.859936597798e-01,4.846756132872e-04,3.436913413277e-03,7.196647809670e-02,3.170086337283e-01,1.112609256266e-02,2.031348267217e-02
2.064220183486e-02,1.834862385321e-02,6.685779816514e-01,4.931192660550e-02,5.275229357798e-02,0.000000000000e+00,3.440366972477e-03,8.371559633028e-02,6.880733944954e-02,1.146788990826e-02,2.293577981651e-02
1.278714651193e-02,1.689320665024e-02,2.819532575643e-01,2.826178055168e-01,7.762432262011e-02,6.172606089480e-04,7.362161077376e-03,2.304596076508e-01,5.668585699221e-02,1.018427516381e-02,2.281509964341e-02
1.100027656409e-02,1.836105702571e-02,2.977865865916e-01,5.044645359578e-02,6.244395153874e-02,0.000000000000e+00,6.576634734633e-03,4.455302408479e-01,7.732406260941e-02,7.918219160604e-03,2.261251733161e-02
1.345498913807e-02,1.311909246806e-02,2.643766953576e-01,6.624531851896e-02,2.491286376455e-01,4.264165571348e-04,3.684392658875e-03,7.134565807443e-02,2.857269211871e-01,1.139918154091e-02,2.109269685328e-02
3.083182810819e-01,2.151082034102e-02,2.168720148140e-01,6.290217178073e-02,2.279726096246e-01,0.000000000000e+00,2.636179989534e-03,5.834894149172e-02,6.527055637983e-02,7.315122337287e-03,2.885330215941e-02
1.031936009655e-02,5.545675990215e-02,2.463227811628e-01,3.149313894436e-01,9.574485013805e-02,5.130923720365e-04,1.839483513954e-01,3.962733789053e-02,3.080622038426e-02,7.614316528886e-03,1.471554068574e-02
8.799218446916e-03,1.327189558453e-02,8.789179523370e-02,6.672520169506e-02,2.515192016156e-01,4.019139801148e-04,5.310444422538e-03,2.579104676793e-01,2.774835161916e-01,9.603046407146e-03,2.108329874351e-02
8.388492199978e-03,1.358104772484e-02,7.608973016688e-02,2.706682769874e-01,7.689600796151e-02,1.398082033330e-03,5.193303589047e-03,5.352314955404e-02,4.663002691164e-01,1.058537138604e-02,1.737626928055e-02
1.040233105332e-02,1.094138626176e-02,4.476945889762e-02,2.426847487085e-01,3.755386181011e-01,4.382186537766e-04,8.673393690027e-03,4.576005275401e-02,4.038727235985e-02,1.573200656560e-02,2.046725129544e-01
8.149274694432e-03,1.760393565548e-02,1.792800821066e-01,4.949153676888e-02,6.425573532037e-02,1.808424902620e-04,6.698070679541e-03,4.741128089136e-01,1.715711235027e-01,7.336645781066e-03,2.131994408709e-02
9.488838127450e-03,1.238099803581e-02,8.309423090799e-02,7.297079156057e-02,3.112238667795e-01,3.565245425121e-04,5.227697368045e-03,2.212088521477e-01,2.520565443236e-01,1.020188721247e-02,2.178976899431e-02
1.468107544799e-02,1.800803561918e-01,3.781157770185e-02,3.430967506305e-01,2.851834125318e-01,7.222995443594e-04,1.179034524141e-02,5.608716952349e-02,3.611797676246e-02,9.873980488148e-03,2.455505593614e-02
8.843101725752e-03,1.488586290302e-02,8.208843027290e-02,2.124388432376e-01,2.170917950166e-01,3.920433377638e-04,8.003323276799e-03,3.605939754582e-01,6.289436404252e-02,9.235145063516e-03,2.353311566525e-02
6.879121203331e-03,1.494572824283e-02,9.943145865784e-02,4.512964852670e-02,6.184779020211e-02,8.130907667372e-04,4.293617004018e-03,2.476732511022e-01,4.933884548126e-01,8.505302736805e-03,1.709253674484e-02
1.207565576584e-02,1.729243844944e-02,2.775713876663e-01,2.195435529891e-01,7.372552672852e-02,4.494980728810e-04,7.222127932254e-03,2.973875814426e-01,6.249451314918e-02,9.485248971507e-03,2.275246883233e-02
7.246376811594e-03,1.328502415459e-02,9.420289855072e-02,4.227053140097e-02,5.917874396135e-02,1.207729468599e-03,2.415458937198e-03,6.280193236715e-02,6.932367149758e-01,9.661835748792e-03,1.449275362319e-02
7.246376811594e-03,1.328502415459e-02,9.420289855072e-02,4.227053140097e-02,5.917874396135e-02,1.207729468599e-03,2.415458937198e-03,6.280193236715e-02,6.932367149758e-01,9.661835748792e-03,1.449275362319e-02
6.865525778597e-03,1.500720579941e-02,9.962501457313e-02,4.523549010083e-02,6.194659554765e-02,7.984816480541e-04,4.363144483138e-03,2.545169971001e-01,4.859902778534e-01,8.462489074705e-03,1.718877804098e-02
1.734118354148e-02,1.696885435999e-02,4.617870343334e-01,2.691558676854e-01,7.210249113169e-02,5.829258711680e-04,5.804826612754e-03,6.780212114317e-02,5.372346404010e-02,1.177138571733e-02,2.295984556349e-02
1.709475114657e-02,1.686584981096e-02,4.463493772638e-01,2.855679757358e-01,7.354705008332e-02,6.264432969202e-04,5.981341675696e-03,6.661412536332e-02,5.259740074346e-02,1.179404272569e-02,2.296164215446e-02
1.416167961685e-02,1.537919910401e-02,3.269580035329e-01,6.661088857811e-02,2.249188805826e-01,0.000000000000e+00,5.381074522435e-03,2.428739822754e-01,6.958697587678e-02,1.035595881865e-02,2.377335709221e-02
1.821451816526e-02,2.597598214137e-01,2.190148072904e-01,2.930164587850e-01,6.487838824990e-02,6.466573067547e-04,1.296215909403e-02,6.258985726617e-02,3.744772471198e-02,8.028173861434e-03,2.344143385537e-02
9.285065407516e-03,3.353519918508e-02,2.184636019794e-01,7.934501129822e-02,6.881152706802e-02,7.071863882291e-04,8.735237000320e-02,5.722158867149e-02,4.227314771040e-01,8.458572815911e-03,1.408840007891e-02
1.528083428407e-02,1.835553728655e-02,4.624003876793e-01,4.994277739726e-02,5.814131486211e-02,0.000000000000e+00,5.184280531068e-03,2.849016914350e-01,7.354304128357e-02,9.494104691299e-03,2.275603054982e-02
1.247634054473e-02,1.708491508855e-02,2.810376697583e-01,2.523200347094e-01,7.572067992164e-02,5.366854084371e-04,7.284847233467e-03,2.614444472667e-01,5.944840481808e-02,9.859920171848e-03,2.278605507882e-02
9.103237964371e-03,1.160827654343e-02,8.291246626808e-02,6.285223516457e-02,2.409172878601e-01,8.305856438924e-04,3.309060928192e-03,6.461301880769e-02,4.948829456387e-01,1.076440925216e-02,1.820647592874e-02
1.710530281369e-02,1.701168187416e-02,5.169257567473e-01,4.745278737643e-02,5.444906895621e-02,3.188767521156e-04,3.169760554397e-03,7.819376266405e-02,2.336753967177e-01,1.099103751748e-02,2.070656802649e-02
1.294731624896e-02,1.054276694118e-02,3.428114833233e-01,5.888474129450e-02,1.955709403869e-01,0.000000000000e+00,2.938083383131e-03,6.485965487669e-02,7.229757425143e-02,2.047405273331e-01,3.440691196082e-02
1.111085051833e-02,1.836091444163e-02,3.020388359710e-01,5.043344279846e-02,6.233280724818e-02,0.000000000000e+00,6.540667900388e-03,4.413809371743e-01,7.722639251443e-02,7.958926915517e-03,2.261622451770e-02
1.328828689974e-02,3.572548383414e-01,1.412806258513e-02,1.323443247901e-01,2.090582499037e-01,0.000000000000e+00,1.830817857886e-01,4.692889199178e-02,2.420542617007e-02,3.210923314802e-03,1.649921021454e-02
1.732054505921e-02,1.369668536318e-02,3.963518839286e-01,7.556003081765e-02,3.151146087310e-01,0.000000000000e+00,4.259313220576e-03,7.697649170218e-02,6.400969058918e-02,1.223691686281e-02,2.447383372563e-02
1.613885474246e-02,1.835443087719e-02,4.953965574092e-01,4.984181754320e-02,5.727886876628e-02,0.000000000000e+00,4.905188770101e-03,2.527043492627e-01,7.278515087223e-02,9.809984563473e-03,2.278479719317e-02
1.061271918043e-02,9.433528160385e-03,3.731810135719e-01,4.007602254494e-02,4.184480907502e-02,0.000000000000e+00,1.768786530072e-03,5.776388784567e-02,7.954597744317e-02,3.445345142202e-01,4.123874142830e-02
9.228155768392e-03,1.546120363841e-02,6.220906266357e-02,5.108271582400e-01,9.784273435228e-02,1.222326366676e-03,9.859554957837e-03,2.189174776825e-01,4.114621034458e-02,1.045048213507e-02,2.283563385068e-02
1.445931015411e-02,1.494847735679e-02,3.250498461462e-01,6.896565058208e-02,2.485592222000e-01,0.000000000000e+00,5.260094432454e-03,2.195624933946e-01,6.860950086735e-02,1.064962642727e-02,2.393577843919e-02
9.419435992930e-03,1.349343087412e-02,8.588221094629e-02,7.767502899082e-02,3.349302038953e-01,0.000000000000e+00,6.817351338758e-03,3.674440306346e-01,7.063432623836e-02,9.419435992930e-03,2.428454509584e-02
1.716323044850e-02,1.689447299427e-02,4.506392352587e-01,2.810073346608e-01,7.314563212592e-02,6.143505566850e-04,5.932291191508e-03,6.694424885105e-02,5.291031426486e-02,1.178774673479e-02,2.296114291289e-02
1.677482732654e-02,1.774162893974e-02,5.127203023558e-01,4.872900767595e-02,5.579184513095e-02,1.454687907756e-04,4.050044701431e-03,1.657734596221e-01,1.460095556601e-01,1.042059195979e-02,2.184326783680e-02
8.375054238775e-03,1.308997191254e-02,6.515143418495e-02,7.062529366891e-02,2.962127473961e-01,0.000000000000e+00,8.609616856641e-03,2.384522443341e-01,5.563215281045e-02,1.396795238249e-02,2.298835322150e-01
8.911059045987e-03,1.836375105217e-02,2.174433090441e-01,5.069228351006e-02,6.454394516267e-02,0.000000000000e+00,7.256202908639e-03,5.239284312927e-01,7.916947073307e-02,7.149074606872e-03,2.254247264371e-02
1.256977360967e-02,1.529725933798e-02,3.224550945118e-01,4.506872715380e-02,5.662492250322e-02,7.277871600879e-04,2.822749428366e-03,7.111285995719e-02,4.450933320543e-01,1.037954764134e-02,1.784794664232e-02
1.925725135831e-02,1.835040973390e-02,6.153181082475e-01,4.947488821864e-02,5.414438757730e-02,0.000000000000e+00,3.890855377005e-03,1.356860638746e-01,7.003066772348e-02,1.095802097072e-02,2.288934691852e-02
1.127982905265e-02,1.480966242933e-02,2.671459208814e-01,4.439067937383e-02,5.724375446606e-02,8.440848910352e-04,2.724056399810e-03,6.909898869882e-02,5.052224598090e-01,1.020563452075e-02,1.703492947735e-02
1.221168292308e-02,1.494174373042e-02,1.982605315346e-01,4.144719660191e-01,8.643117368432e-02,1.235974609015e-03,7.160510632590e-03,5.260641174632e-02,1.799674541587e-01,1.157983591524e-02,2.113271504672e-02
1.056929534909e-02,1.228040989519e-02,5.720360307638e-02,4.035146920676e-01,2.429560131109e-01,1.167881392126e-03,7.365218404119e-03,5.041504620084e-02,1.804841916723e-01,1.200389492801e-02,2.203975390352e-02
9.197086334355e-03,1.152353136474e-02,8.234183196699e-02,6.389246337271e-02,2.501026090580e-01,8.115242654230e-04,3.354224827573e-03,6.470455365945e-02,4.848578676168e-01,1.082013486520e-02,1.839417266871e-02
1.224811660470e-02,1.679491007485e-02,3.275373221897e-01,4.764602512440e-02,5.902234065220e-02,3.718924506826e-04,4.513413638822e-03,2.374761773685e-01,2.648569166330e-01,9.340071488279e-03,2.019281377481e-02
8.465941301206e-03,1.153613059653e-02,5.600119872809e-02,6.649458219241e-02,2.848840466744e-01,3.501734170759e-04,7.338959243647e-03,4.653174106979e-02,2.296872135978e-01,1.598737495202e-02,2.727226382271e-01
1.136928288222e-02,1.061098394944e-02,7.149819192904e-02,9.343864264642e-02,4.931796586275e-01,0.000000000000e+00,6.021374238485e-03,2.130125929264e-01,6.412988650105e-02,1.136928288222e-02,2.537010341729e-02
2.064220183486e-02,1.834862385321e-02,6.685779816514e-01,4.931192660550e-02,5.275229357798e-02,0.000000000000e+00,3.440366972477e-03,8.371559633028e-02,6.880733944954e-02,1.146788990826e-02,2.293577981651e-02
2.064220183486e-02,1.834862385321e-02,6.685779816514e-01,4.931192660550e-02,5.275229357798e-02,0.000000000000e+00,3.440366972477e-03,8.371559633028e-02,6.880733944954e-02,1.146788990826e-02,2.293577981651e-02
9.482243401214e-03,1.066460201610e-02,2.811330214954e-01,4.076476076051e-02,4.747464685988e-02,3.945778614743e-04,1.974951761677e-03,5.933054479285e-02,2.800779904222e-01,2.361461679251e-01,3.255649270349e-02
9.674502377518e-03,1.201641868800e-02,7.166425860100e-02,2.193633876114e-01,2.313481591580e-01,1.008545221896e-03,5.135072702969e-03,5.793563425276e-02,3.608134238102e-01,1.127442036113e-02,1.976617721522e-02
1.073014811345e-02,1.597999729353e-02,2.596405730670e-01,4.643915148568e-02,5.941653882567e-02,5.660634331802e-04,4.141850307300e-03,2.102580962067e-01,3.646871211189e-01,9.283748029378e-03,1.885671211920e-02
7.004368824210e-03,1.437936729052e-02,9.764832805533e-02,4.415458481152e-02,6.093754762405e-02,9.476770260150e-04,3.653096276190e-03,1.846253566131e-01,5.615440351742e-01,8.899722876240e-03,1.620591542862e-02
1.661943450427e-02,1.682802445695e-02,4.960930980559e-01,4.719739505994e-02,5.468215714435e-02,3.626812564388e-04,3.132587007151e-03,7.743522136213e-02,2.563235310813e-01,1.092553169909e-02,2.040033837242e-02
1.603248657903e-02,1.642184129184e-02,3.798042458223e-01,3.563135482356e-01,7.977392537129e-02,8.140282914310e-04,6.742222553660e-03,6.149318408542e-02,4.774342389008e-02,1.189170739026e-02,2.296938648910e-02
6.469022759680e-03,1.680016462619e-02,1.052699654477e-01,4.832230088407e-02,6.482819862812e-02,3.724148075504e-04,6.390874834270e-03,4.541110518687e-01,2.702265517256e-01,7.213852374780e-03,1.999560204332e-02
9.006612833065e-03,1.260045751301e-02,2.794068473801e-01,4.395734136538e-02,5.089939284009e-02,0.000000000000e+00,4.040211828915e-03,2.606462181366e-01,8.029836698368e-02,2.245669929636e-01,3.457755815562e-02
1.662254456160e-02,1.682920005347e-02,4.962264485165e-01,4.719902983366e-02,5.468066514001e-02,3.624008625192e-04,3.132824956119e-03,7.744007680729e-02,2.561785597076e-01,1.092595100376e-02,2.040229855743e-02
1.277423225564e-02,1.420225731973e-02,2.864189424153e-01,5.483864547921e-02,1.465338117664e-01,6.059882781943e-04,3.208778403979e-03,7.089592218906e-02,3.804640010663e-01,1.082712464632e-02,1.923029617986e-02
1.176530708620e-02,3.737558114034e-02,3.520506615359e-01,8.341239886155e-02,6.369367601258e-02,0.000000000000e+00,1.005087805944e-01,4.447793778755e-02,4.098328232117e-02,1.336323757872e-02,2.523691370816e-01
9.455412939958e-03,1.412003615679e-02,1.889201188486e-01,4.343169141716e-02,5.811899131086e-02,1.008569056695e-03,2.584471213355e-03,6.625069638062e-02,5.902653005424e-01,9.959662786777e-03,1.588504934677e-02
1.393028678689e-02,2.655603380831e-01,6.091425795026e-02,6.341804385047e-02,1.848798592838e-01,0.000000000000e+00,1.298910857726e-02,3.117807289066e-01,5.683739304469e-02,5.678260685148e-03,2.401172283179e-02
8.610880836323e-03,1.041131747580e-02,2.417721210212e-01,4.036560076159e-02,4.812609144394e-02,4.865649135615e-04,1.921711719615e-03,5.812302321706e-02,3.274783632178e-01,2.310626904913e-01,3.164163490178e-02
8.312100768939e-03,1.232267427885e-02,8.772288567825e-02,5.408316195282e-02,1.634854768133e-01,9.912721374985e-04,2.928331452576e-03,6.384138445845e-02,5.793938658775e-01,1.029464504394e-02,1.662420153788e-02
9.704060550395e-03,1.836272848414e-02,2.479390996509e-01,5.059897417766e-02,6.374685338616e-02,0.000000000000e+00,6.998260124001e-03,4.941709348009e-01,7.846901163505e-02,7.441017778385e-03,2.256905941239e-02
1.213744221145e-02,1.047593423464e-02,5.093706521076e-02,3.577625346302e-01,4.239644659504e-01,7.257883881288e-04,7.467815081845e-03,5.498586955252e-02,4.367918132947e-02,1.286323059958e-02,2.500067281104e-02
1.086746578961e-02,1.465378979806e-02,2.494649506490e-01,4.417392432531e-02,5.744157968737e-02,8.812623895224e-04,2.692506687791e-03,6.845520403465e-02,5.244442497608e-01,1.015003881200e-02,1.677502806591e-02
1.314885224191e-02,1.382696363607e-02,2.398003663267e-01,7.535729988118e-02,3.123597484537e-01,0.000000000000e+00,5.623271063878e-03,2.370441464832e-01,6.790194649604e-02,1.064767916846e-02,2.428972624884e-02
2.087368261290e-01,2.093950880097e-02,9.240346900739e-02,4.297961998078e-02,4.522417899563e-02,4.671006254435e-04,3.641625293178e-03,2.424705816054e-01,3.146093950793e-01,5.767373035266e-03,2.276032144756e-02
1.102699292891e-02,1.471409079281e-02,2.563050231145e-01,4.425777833443e-02,5.736504888439e-02,8.668798765498e-04,2.704712031368e-03,6.870425901846e-02,5.170080947049e-01,1.017154660663e-02,1.687557370706e-02
5.873012982240e-03,5.237713064624e-02,4.335945239308e-02,3.430088201611e-01,9.976970095908e-02,9.788354970400e-04,1.779944401096e-01,3.170542904547e-02,2.253564682653e-01,7.230870951301e-03,1.234583898950e-02
9.177124792154e-03,1.154155665875e-02,8.246320584578e-02,6.367120690039e-02,2.481488918357e-01,8.155786193857e-04,3.344618469107e-03,6.468508420242e-02,4.869902010611e-01,1.080828203093e-02,1.835424958431e-02
7.620616130372e-03,1.585651202378e-02,8.742800072761e-02,2.246387105749e-01,7.677419972392e-02,8.002177333776e-04,7.231264751824e-03,3.160864572671e-01,2.344028876591e-01,8.753114185895e-03,2.040801922215e-02
2.401936500107e-01,1.855300707725e-02,7.550078855771e-02,5.901377298511e-02,2.101156007005e-01,4.653836999978e-04,2.472428300412e-03,5.536283913195e-02,3.063311037566e-01,7.577221851024e-03,2.441420392871e-02
1.620078828864e-02,1.835435101446e-02,4.977782836042e-01,4.983453006920e-02,5.721661576919e-02,0.000000000000e+00,4.885043396764e-03,2.503802839579e-01,7.273044490301e-02,9.832785372542e-03,2.278687362412e-02
1.254416863225e-02,1.512111683323e-02,2.390615949234e-01,3.245075087306e-01,7.904415456218e-02,1.089931221028e-03,6.121335597719e-03,5.750265973092e-02,2.332012698380e-01,1.132015087044e-02,2.048610906026e-02
9.226613281228e-03,1.188015972425e-02,3.967058742515e-02,2.521839644014e-01,2.913319513133e-01,4.899051052790e-04,9.889301765683e-03,3.731728746337e-02,3.477153637236e-02,1.710818184349e-02,2.961305113045e-01
1.731923012576e-02,1.835290879416e-02,5.407892588433e-01,4.970292746747e-02,5.609240505090e-02,0.000000000000e+00,4.521243327888e-03,2.084105917703e-01,7.174252400239e-02,1.024453926616e-02,2.282437135173e-02
8.997985828100e-03,2.877890333002e-01,6.211427938081e-03,1.127206233467e-01,6.505631078664e-02,0.000000000000e+00,1.822975765700e-01,2.450938630907e-02,1.396712817856e-02,8.695999113313e-03,2.897545286294e-01
2.131170667113e-01,1.824222372006e-02,5.332518341512e-02,3.614864876096e-01,2.212385217623e-01,7.972330356855e-04,6.190911304764e-03,4.399542069077e-02,4.535285305827e-02,9.099413976426e-03,2.715468471576e-02
1.261809322991e-02,1.667966313759e-02,3.404274334994e-01,4.740783121762e-02,5.849146647118e-02,3.991733773397e-04,4.271492960244e-03,2.117654929264e-01,2.783678250519e-01,9.546881477060e-03,2.002464665131e-02
1.768453367804e-02,1.711236887636e-02,4.832960638785e-01,2.462891518773e-01,7.008981129108e-02,5.222937692884e-04,5.558891126116e-03,6.945733580515e-02,5.529238920846e-02,1.173981808630e-02,2.295734240332e-02
9.731745860590e-03,1.392920409188e-02,5.478664644669e-02,5.392892157776e-01,9.773346446222e-02,1.621957643432e-03,8.460355268026e-03,4.261027760915e-02,1.993979799718e-01,1.167155115216e-02,2.076760171647e-02
1.123824724529e-02,1.479394457494e-02,2.653630106079e-01,4.436882226996e-02,5.726370272765e-02,8.478337884727e-04,2.720874996021e-03,6.903407086475e-02,5.071607429648e-01,1.020002837137e-02,1.700872158884e-02
1.156736566924e-02,1.836032576961e-02,3.195946544325e-01,5.037972647670e-02,6.187393740919e-02,0.000000000000e+00,6.392175383538e-03,4.242501399108e-01,7.682315218126e-02,8.126992777007e-03,2.263152999020e-02
7.314189372161e-03,1.660560428685e-02,1.014126136643e-01,6.065508011081e-02,1.640685164247e-01,0.000000000000e+00,7.676766562469e-03,5.341834111274e-01,7.765715959630e-02,7.314189372161e-03,2.311246948290e-02
1.765501834475e-02,1.710003196913e-02,4.814470878388e-01,2.482548384067e-01,7.026282685151e-02,5.275058735063e-04,5.580032424991e-03,6.931504894631e-02,5.515752003464e-02,1.174253172772e-02,2.295755758193e-02
1.626669701317e-02,1.651973726917e-02,3.944762631342e-01,3.407154084172e-01,7.840101017756e-02,7.726691382172e-04,6.574461859947e-03,6.262226051002e-02,4.881363940971e-02,1.187017406967e-02,2.296767900112e-02
1.225492813659e-02,2.302964309627e-01,6.668168353814e-02,4.417240398314e-02,4.901534342043e-02,8.548933786941e-04,8.835354621809e-03,6.583115928536e-02,4.978343672349e-01,6.839147029553e-03,1.738428840875e-02
1.486432555476e-02,1.616459617744e-02,4.208389911254e-01,4.627483779161e-02,5.552414489515e-02,5.209168854680e-04,2.998304477929e-03,7.469513191449e-02,3.381357063985e-01,1.068890410705e-02,1.929414067223e-02
1.453850095506e-02,1.359358549389e-02,2.429003297556e-01,3.241522492729e-01,2.525503036067e-01,6.817532627323e-04,6.758705133189e-03,6.055343887842e-02,4.792644993459e-02,1.234214565651e-02,2.400253805030e-02
2.064220183486e-02,1.834862385321e-02,6.685779816514e-01,4.931192660550e-02,5.275229357798e-02,0.000000000000e+00,3.440366972477e-03,8.371559633028e-02,6.880733944954e-02,1.146788990826e-02,2.293577981651e-02
6.546066626684e-03,1.645177766618e-02,1.041731040780e-01,4.772250762121e-02,6.426827894555e-02,4.552031734104e-04,5.996869795116e-03,4.153282505361e-01,3.121512560205e-01,7.456472973505e-03,1.945021256374e-02
1.136659205132e-02,1.234640004971e-02,4.574257039299e-02,5.400944790418e-01,2.652924451472e-01,1.256010186119e-03,9.068273490553e-03,4.503896458231e-02,3.318246853180e-02,1.262260223743e-02,2.398919428875e-02
1.315534219535e-02,1.581919480202e-01,6.314638774224e-02,7.842717670576e-02,3.384598402328e-01,0.000000000000e+00,9.944711252159e-03,2.466644206397e-01,5.889796854915e-02,8.364229026103e-03,2.474797563658e-02
9.529806457467e-03,1.387686365089e-02,5.798926717074e-02,4.989058141638e-01,9.460084427904e-02,1.588301076244e-03,7.969199736222e-03,4.425087529485e-02,2.395230066458e-01,1.150825921402e-02,2.025776231087e-02
9.527300754420e-03,1.122534738950e-02,8.033400087908e-02,6.755260530743e-02,2.824220357352e-01,7.444549914657e-04,3.513138305182e-03,6.502662774547e-02,4.495836766461e-01,1.101621073735e-02,1.905460150884e-02
8.066154723108e-03,9.222073126325e-03,2.442543034416e-01,3.931854125924e-02,4.537079184205e-02,3.621454970993e-04,1.706504617617e-03,5.529715094411e-02,2.652109485786e-01,2.951674419987e-01,3.602394397150e-02
1.376224367708e-02,1.566375766468e-02,3.319320411410e-01,1.871364296757e-01,6.739381993092e-02,8.024032645305e-04,4.584510088574e-03,6.610617109725e-02,2.816575180198e-01,1.101813961339e-02,1.994296582705e-02
6.445002435905e-03,1.690878284466e-02,1.056119390046e-01,4.850930121170e-02,6.500276738467e-02,3.466034947230e-04,6.513715612870e-03,4.662025457292e-01,2.571554922052e-01,7.138209425351e-03,2.016564065109e-02
7.246376811594e-03,1.328502415459e-02,9.420289855072e-02,4.227053140097e-02,5.917874396135e-02,1.207729468599e-03,2.415458937198e-03,6.280193236715e-02,6.932367149758e-01,9.661835748792e-03,1.449275362319e-02
2.064220183486e-02,1.834862385321e-02,6.685779816514e-01,4.931192660550e-02,5.275229357798e-02,0.000000000000e+00,3.440366972477e-03,8.371559633028e-02,6.880733944954e-02,1.146788990826e-02,2.293577981651e-02
1.887544812361e-02,1.587430752648e-02,5.237838319433e-01,6.327301249198e-02,1.923000028381e-01,0.000000000000e+00,3.875955722572e-03,8.013113865857e-02,6.625552133531e-02,1.187692712004e-02,2.375385424009e-02
1.151748953374e-02,9.428204788666e-03,6.823288518232e-02,8.961213077509e-02,4.772098960425e-01,3.402312254625e-04,4.470903323310e-03,6.696775506506e-02,2.369875730117e-01,1.219795198466e-02,2.303497906748e-02
9.449665469882e-03,1.344874282023e-02,8.565920811784e-02,7.791942038294e-02,3.373836264029e-01,0.000000000000e+00,6.805010897291e-03,3.650498008043e-01,7.053348457115e-02,9.449665469882e-03,2.430137506358e-02
1.353436559272e-02,1.309207723416e-02,2.656009513686e-01,6.675701816486e-02,2.534684481297e-01,4.142325616643e-04,3.708481082946e-03,7.144350363449e-02,2.793469153549e-01,1.143031237419e-02,2.120369450172e-02
5.462271736300e-01,2.783444262861e-02,6.623333258710e-02,5.292500503707e-02,1.604475438225e-01,0.000000000000e+00,1.320555916235e-03,4.302083566531e-02,6.623333258710e-02,3.301389790586e-03,3.245638833543e-02
1.051946254099e-02,1.246752828070e-02,6.883140068166e-02,2.414237182962e-01,3.452794032089e-01,4.354372511757e-04,7.424219562659e-03,2.220124484462e-01,5.623272595975e-02,1.095489979217e-02,2.441875597964e-02
1.212415816015e-02,1.478822649708e-02,1.349686028967e-01,6.166036303485e-01,1.026841064998e-01,1.504198883019e-03,9.541687441786e-03,4.265200182310e-02,2.988446835271e-02,1.225103932671e-02,2.299787977040e-02
6.838569263523e-03,1.512910126889e-02,1.000087902219e-01,4.544534893529e-02,6.214250320325e-02,7.695152173826e-04,4.501001047069e-03,2.680865284513e-01,4.713214409006e-01,8.377599698289e-03,1.737960179243e-02
1.461742300464e-02,1.390061247196e-02,2.986201270694e-01,7.476499083149e-02,3.066812050301e-01,0.000000000000e+00,5.149825767973e-03,1.840674019444e-01,6.673019498161e-02,1.115601639791e-02,2.431220250056e-02
1.065794518554e-02,1.656547347061e-02,2.636872048288e-01,4.744051083555e-02,6.030003794194e-02,4.269172040938e-04,4.785438387621e-03,2.732923909803e-01,2.941717320421e-01,8.897055034284e-03,1.977529408925e-02
1.094799380746e-02,1.468422925559e-02,2.529177642580e-01,4.421625315520e-02,5.740294755308e-02,8.740022125616e-04,2.698667847138e-03,6.858092498890e-02,5.206905384507e-01,1.016089577388e-02,1.682578269751e-02
1.953706574734e-01,2.009773282095e-02,2.415381565975e-01,4.215172203257e-02,4.222425966498e-02,5.733858777155e-04,2.068185993926e-03,6.111342433869e-02,3.653043363668e-01,7.658467816707e-03,2.189967101666e-02
2.177909221593e-02,2.421293752780e-01,4.657787967368e-01,4.915072573058e-02,4.414925741083e-02,0.000000000000e+00,9.795075147225e-03,8.051703160146e-02,5.533434000829e-02,7.989344712467e-03,2.337696115842e-02
7.818654353617e-03,1.585985674001e-02,9.769117588032e-02,6.473344704010e-02,2.050108635830e-01,0.000000000000e+00,7.470831124494e-03,4.942288624970e-01,7.597432896508e-02,7.818654353617e-03,2.339332546268e-02
1.167777734162e-02,1.412347507348e-02,3.666908796932e-01,4.542390839958e-02,5.180297527165e-02,0.000000000000e+00,4.014922526223e-03,2.291949026723e-01,7.761756402399e-02,1.679733055390e-01,3.148028945893e-02
1.143228525986e-02,1.643891478817e-02,2.920018075622e-01,4.713643571148e-02,5.934776692321e-02,4.567630027629e-04,4.400558485688e-03,2.312959456534e-01,3.086264462602e-01,9.259369166003e-03,1.960370718707e-02
1.502503925576e-01,1.766769981216e-02,7.854225844218e-02,1.750151245892e-01,5.784652837047e-02,1.079866848855e-03,3.569177348160e-03,5.172377414945e-02,4.358615936923e-01,8.286573878227e-03,2.015701031146e-02
1.379135577154e-02,1.548508673804e-02,2.394095186334e-01,5.055702276616e-01,9.291118182200e-02,1.209788936253e-03,8.347503976523e-03,5.068919079414e-02,3.750266335136e-02,1.209775708378e-02,2.298572523131e-02
1.386825635110e-02,1.409766138279e-02,3.135253784809e-01,5.968438185632e-02,1.857908520212e-01,4.616680189754e-04,3.456187299545e-03,7.236695413325e-02,3.051145441264e-01,1.116026280180e-02,2.047385352771e-02
