6.778242595476e-03,1.434237523835e-02,2.830407760207e-02,3.431483837378e-01,7.415545137746e-02,7.981621964724e-04,1.274605084540e-02,1.795251334609e-02,2.032245563735e-02,1.951202129180e-02,4.619402661318e-01
3.623188405797e-03,1.449275362319e-02,1.811594202899e-02,3.623188405797e-02,4.347826086957e-02,0.000000000000e+00,1.449275362319e-02,3.623188405797e-03,1.811594202899e-02,2.536231884058e-02,8.224637681159e-01
3.623188405797e-03,1.449275362319e-02,1.811594202899e-02,3.623188405797e-02,4.347826086957e-02,0.000000000000e+00,1.449275362319e-02,3.623188405797e-03,1.811594202899e-02,2.536231884058e-02,8.224637681159e-01
3.623188405797e-03,1.449275362319e-02,1.811594202899e-02,3.623188405797e-02,4.347826086957e-02,0.000000000000e+00,1.449275362319e-02,3.623188405797e-03,1.811594202899e-02,2.536231884058e-02,8.224637681159e-01
9.894069022624e-03,1.421193817675e-02,6.123937285038e-02,4.478846060917e-01,1.867136347282e-01,1.030200441430e-03,9.121810517429e-03,1.919026603107e-01,4.366006183991e-02,1.092426946405e-02,2.341737655674e-02
6.831536300027e-03,1.770382346222e-02,9.924597717869e-02,1.560023522109e-01,7.430966366894e-02,2.790785437859e-04,8.550557979131e-03,5.350402480398e-01,7.238888823338e-02,7.110614843813e-03,2.253725953936e-02
1.234263269042e-02,9.978040096014e-03,5.231977346560e-02,3.092280970183e-01,4.662009337250e-01,5.846501094908e-04,7.041793470336e-03,5.763360876391e-02,4.647327237069e-02,1.292728279991e-02,2.526991549034e-02
1.527554138296e-02,1.083268346403e-02,2.287537820730e-01,9.171987912045e-02,4.766399965829e-01,0.000000000000e+00,4.763503810132e-03,7.282750983261e-02,6.105598097392e-02,1.271037425334e-02,2.542074850667e-02
1.134938832476e-02,1.238814484536e-02,4.562664038082e-02,5.441637379928e-01,2.617512250774e-01,1.267843602388e-03,9.103992298502e-03,4.481697094201e-02,3.294820435694e-02,1.261723192715e-02,2.396662025191e-02
1.237229778640e-02,9.906057821395e-03,5.251967637185e-02,3.022113058059e-01,4.723072056941e-01,5.642452612631e-04,6.980202055106e-03,5.801640156311e-02,4.687722375922e-02,1.293654304766e-02,2.530884083405e-02
1.006894898156e-02,1.006250060008e-02,4.501298690909e-02,8.469421581944e-02,4.460646257017e-01,0.000000000000e+00,8.285247933838e-03,4.739125497272e-02,4.501298690909e-02,1.716506288358e-02,2.862421692889e-01
7.680432347967e-03,1.543462983984e-02,5.510028361608e-02,3.660050523110e-01,8.280478260545e-02,8.466705688378e-04,1.084067128446e-02,1.964714827918e-01,3.851184915813e-02,1.368733382271e-02,2.126168116537e-01
1.459746161692e-02,1.733163448061e-02,4.241755242472e-01,4.828505922889e-02,5.740859200985e-02,2.435923367578e-04,4.320999601931e-03,2.049393553671e-01,1.977040484880e-01,9.872940182466e-03,2.112079244031e-02
1.526805908378e-02,1.610232360246e-02,3.319169965408e-01,4.072235215496e-01,8.425491327680e-02,9.490183229934e-04,7.289768128931e-03,5.780804910681e-02,4.425040201832e-02,1.196198889752e-02,2.297495947205e-02
8.043867717246e-03,1.591328329794e-02,8.073348231980e-02,3.069795382983e-01,8.308776844939e-02,8.808107870746e-04,8.177151359582e-03,3.071649287216e-01,1.585276059985e-01,9.121274509970e-03,2.137028854058e-02
8.049676002334e-03,1.517380077928e-02,8.089282129200e-02,2.759415282533e-01,7.964734372799e-02,1.022486295847e-03,7.021747770426e-03,2.303610183761e-01,2.725043131919e-01,9.488707541763e-03,1.989655676902e-02
1.254690331151e-02,9.482377990029e-03,5.369628311370e-02,2.609112366795e-01,5.082480576866e-01,4.441445461637e-04,6.617681690795e-03,6.026947830284e-02,4.925483765207e-02,1.299104785768e-02,2.553795116919e-02
1.015153597371e-02,1.177700797292e-02,6.715363840600e-02,2.557516797717e-01,2.644768160261e-01,9.725381086949e-04,5.685859966879e-03,5.690269315718e-02,2.947285464783e-01,1.159304698588e-02,2.080663715264e-02
8.804399032835e-03,1.585773102550e-02,6.875772097049e-02,4.480890375320e-01,9.368174953928e-02,1.055546607300e-03,9.628105495846e-03,2.748125227533e-01,4.667036441533e-02,9.859945640135e-03,2.278287698802e-02
1.507350770148e-02,1.424175652005e-02,3.532986250807e-01,6.288531584299e-02,2.091283644618e-01,3.255407921224e-04,3.646815579649e-03,7.410614414472e-02,2.342930176683e-01,1.143435845888e-02,2.156655374927e-02
6.380076320325e-03,1.357379098501e-02,7.601058823407e-02,4.082669724885e-02,5.542477516585e-02,9.189626381760e-04,5.303127241429e-03,4.865235767642e-02,5.318160567693e-01,1.341580454429e-02,2.076777631762e-01
1.076693671860e-02,1.836135791526e-02,2.888132327847e-01,5.047390976715e-02,6.267849494243e-02,0.000000000000e+00,6.652534123448e-03,4.542863524001e-01,7.753017195069e-02,7.832315194274e-03,2.260469420333e-02
9.597508196261e-03,1.511558469988e-02,5.650115847706e-02,5.655106010247e-01,1.014695081922e-01,1.367693988890e-03,1.006128961723e-02,1.701985574378e-01,3.633127869453e-02,1.096520218515e-02,2.288161748628e-02
4.386739398966e-03,4.859762213468e-02,7.896130918138e-02,1.074309695336e-01,8.369153732641e-02,0.000000000000e+00,1.475986016164e-01,4.503719116271e-01,5.848985865287e-02,4.386739398966e-03,1.608471112954e-02
1.170252820681e-02,1.674748362112e-02,3.059950814006e-01,4.762858946071e-02,5.950406931515e-02,3.833330034060e-04,4.639894777641e-03,2.529895721593e-01,2.711418290124e-01,9.168821587209e-03,2.009879745570e-02
8.130735277728e-03,1.351424000544e-02,8.017757854220e-02,2.191226095793e-01,7.289750878549e-02,1.355122546288e-03,4.566389097540e-03,5.561722036726e-02,5.175161448730e-01,1.037694436906e-02,1.672550655670e-02
9.460966705550e-03,1.128524710672e-02,8.073733749134e-02,6.681734960926e-02,2.759296529125e-01,7.579279842426e-04,3.481215488523e-03,6.496192894110e-02,4.566696176757e-01,1.097682267403e-02,1.892193341110e-02
1.146257692176e-02,1.211349302288e-02,4.638937951089e-02,5.173908344587e-01,2.850499987521e-01,1.189987924959e-03,8.868987298556e-03,4.627753523363e-02,3.448950026131e-02,1.265256484672e-02,2.411514176848e-02
9.331820009250e-03,1.140186671190e-02,8.152259923636e-02,6.538586990960e-02,2.632895411304e-01,7.841587441020e-04,3.419064506059e-03,6.483596592542e-02,4.704653363110e-01,1.090013749745e-02,1.866364001850e-02
8.489411082744e-03,7.782840271073e-03,5.279967207592e-02,2.958332842754e-01,2.816316846632e-01,6.111803685061e-04,5.596013759719e-03,4.606185578538e-02,5.545000667324e-02,2.106297719461e-01,3.511427909876e-02
6.104875009854e-03,1.520312353223e-02,8.316651105440e-02,4.383768846567e-02,5.849082124839e-02,5.551302362670e-04,6.874145679633e-03,2.349420151759e-01,3.491792522095e-01,1.186159642160e-02,1.897848409665e-01
1.061946902655e-02,1.415929203540e-02,4.070796460177e-02,7.168141592920e-01,1.115044247788e-01,1.769911504425e-03,1.061946902655e-02,3.539823008850e-02,2.300884955752e-02,1.238938053097e-02,2.300884955752e-02
4.443567540709e-03,4.760786533266e-02,7.998421573275e-02,1.055840549270e-01,8.315640565833e-02,0.000000000000e+00,1.430334075631e-01,4.562062675127e-01,5.924756720945e-02,4.443567540709e-03,1.629308098260e-02
6.408606335241e-03,1.356428098004e-02,7.660971854731e-02,4.087424727371e-02,5.554840523049e-02,9.284726431480e-04,5.208027191709e-03,4.911834792005e-02,5.371321495487e-01,1.329217447966e-02,2.013155698499e-01
1.273781620073e-02,1.267634773987e-02,1.268624384169e-01,4.342432826108e-01,2.753548423242e-01,9.701546120194e-04,7.969816458274e-03,5.234042390325e-02,4.022178633799e-02,1.253108200268e-02,2.409200939334e-02
1.796804553940e-02,1.835207215275e-02,5.657402064605e-01,4.962658393879e-02,5.544024307162e-02,0.000000000000e+00,4.310200532156e-03,1.840636992512e-01,7.116942463638e-02,1.048340038878e-02,2.284612402840e-02
9.073007697359e-03,1.560638235548e-02,6.460669229141e-02,4.878571436271e-01,9.631929244997e-02,1.161264073659e-03,9.774815449160e-03,2.393820690278e-01,4.316874302961e-02,1.023427177102e-02,2.281631822738e-02
4.808898326723e-03,6.411864435630e-03,5.159544808478e-02,3.411813059700e-01,6.707410134676e-02,8.014830544538e-04,4.808898326723e-03,3.261033000525e-02,6.016128645641e-02,3.869657664531e-01,4.358061754024e-02
1.000425423864e-02,1.836234138718e-02,2.594833953518e-01,5.056365158056e-02,6.344511131010e-02,0.000000000000e+00,6.900614917219e-03,4.829061231012e-01,7.820385022119e-02,7.551533958906e-03,2.257912393321e-02
6.148153017410e-03,1.017617933583e-02,7.484835481386e-02,1.784704838765e-01,6.282461009289e-02,1.024692169568e-03,3.509963711693e-03,4.910202381719e-02,4.058350462714e-01,1.803937100555e-01,2.766678283814e-02
1.073598505958e-02,1.158997841658e-02,6.073299472816e-02,3.176092785606e-01,2.975326696307e-01,9.622415723542e-04,6.539097734345e-03,5.480494429918e-02,2.053603716750e-01,1.200306811943e-02,2.212937020403e-02
6.850715636635e-03,1.507417622206e-02,9.983586422580e-02,4.535078835515e-02,6.205422890393e-02,7.825672411208e-04,4.438884068788e-03,2.619722147024e-01,4.779310922688e-01,8.415850118876e-03,1.729361825645e-02
1.595887560546e-02,1.657833428594e-02,4.677702010537e-01,4.685017820287e-02,5.499905057802e-02,4.222353672492e-04,3.082047968160e-03,7.640395178273e-02,2.871146454743e-01,1.083647371687e-02,1.998400596473e-02
6.122448979592e-03,1.836734693878e-02,1.102040816327e-01,5.102040816327e-02,6.734693877551e-02,0.000000000000e+00,8.163265306122e-03,6.285714285714e-01,8.163265306122e-02,6.122448979592e-03,2.244897959184e-02
9.207668339390e-03,1.151397580285e-02,8.227748929329e-02,6.400975576828e-02,2.511383128767e-01,8.093749728677e-04,3.359317346609e-03,6.471487480048e-02,4.837274758357e-01,1.082641828513e-02,1.841533667878e-02
6.704567659002e-03,1.573504712092e-02,1.019165499074e-01,4.648856318101e-02,6.311636574137e-02,6.255222651558e-04,5.186289954401e-03,3.355410554430e-01,3.984022344403e-01,7.955612189314e-03,1.832819209812e-02
1.818555619386e-02,1.529366118071e-01,4.106203686815e-01,4.756021826311e-02,4.904192519145e-02,2.836745817134e-04,7.055306804201e-03,7.686263570607e-02,2.073002615829e-01,8.933097362246e-03,2.122034382585e-02
1.251610122664e-02,9.557119165123e-03,5.348871842924e-02,2.681969639420e-01,5.019077475917e-01,4.653314611680e-04,6.681633750861e-03,5.987201401344e-02,4.883540381756e-02,1.298143268781e-02,2.549753391445e-02
1.221893143512e-02,1.027820085526e-02,5.148619313718e-02,3.384875972074e-01,4.407382314120e-01,6.697368168620e-04,7.298625114750e-03,5.603739111375e-02,4.478882496856e-02,1.288866825198e-02,2.510759968709e-02
6.931412539338e-03,1.470927049097e-02,9.868699516363e-02,4.472255588892e-02,6.146776062419e-02,8.692810181488e-04,4.026197276892e-03,2.213505264695e-01,5.218436568234e-01,8.669974575636e-03,1.672236912942e-02
9.227543347138e-03,1.149602864956e-02,8.215664157737e-02,6.423005308084e-02,2.530835606205e-01,8.053381947667e-04,3.368882060948e-03,6.473425985627e-02,4.816043861817e-01,1.083821973667e-02,1.845508669428e-02
1.381031547458e-02,3.989077848896e-02,3.434770286959e-01,1.119205404689e-01,2.347797516244e-01,0.000000000000e+00,1.179135210869e-01,6.025377584591e-02,4.999114533375e-02,9.321047660245e-03,1.864209532049e-02
6.901319478670e-03,1.484534919952e-02,9.911542531683e-02,4.495683300597e-02,6.168646326247e-02,8.369441766409e-04,4.180094245048e-03,2.364989508513e-01,5.054680163095e-01,8.575207831952e-03,1.693539632205e-02
1.130865919263e-02,9.616778810513e-03,6.950265423388e-02,8.729742662443e-02,4.567708222550e-01,3.826463912074e-04,4.370405120569e-03,6.676407273879e-02,2.592952642727e-01,1.207395197505e-02,2.261731838526e-02
6.877068986385e-03,1.495500822384e-02,9.946067574646e-02,4.514562521564e-02,6.186270477877e-02,8.108855336160e-04,4.304112113485e-03,2.487063083095e-01,4.922717067581e-01,8.498840053617e-03,1.710706428059e-02
6.540902419322e-03,1.647512984947e-02,1.042466260828e-01,4.776271142852e-02,6.430581004905e-02,4.496539154999e-04,6.023279732764e-03,4.179278400418e-01,3.093410665146e-01,7.440210250322e-03,1.948676971585e-02
7.033964199877e-03,1.424553907862e-02,9.722698336490e-02,4.392418221587e-02,6.072246193335e-02,9.794790744297e-04,3.501744486592e-03,1.697274598758e-01,5.776488520999e-01,8.992922348737e-03,1.599641132192e-02
7.246376811594e-03,1.328502415459e-02,9.420289855072e-02,4.227053140097e-02,5.917874396135e-02,1.207729468599e-03,2.415458937198e-03,6.280193236715e-02,6.932367149758e-01,9.661835748792e-03,1.449275362319e-02
1.764477707715e-02,1.709575129349e-02,4.808055277985e-01,2.489368948000e-01,7.032286000907e-02,5.293143760072e-04,5.587368059561e-03,6.926567807242e-02,5.511072295846e-02,1.174347331044e-02,2.295763224488e-02
1.860969655608e-02,1.749907122150e-02,5.412525157882e-01,1.846743908635e-01,6.466661066983e-02,3.589195227007e-04,4.896213706184e-03,7.391734032352e-02,5.951988519470e-02,1.165475855884e-02,2.295059759497e-02
