5.650502423211e-03,1.590900464653e-02,7.828881143153e-02,4.433148231508e-02,5.805742351267e-02,3.055600519553e-04,8.624423560779e-03,2.963132425207e-01,2.171498834705e-01,1.284012897064e-02,2.625295370964e-01
1.319168186134e-02,1.835823122906e-02,3.820596134499e-01,5.018859965203e-02,6.024124305491e-02,0.000000000000e+00,5.863827531239e-03,3.632974391663e-01,7.538839190842e-02,8.724984102404e-03,2.268598804435e-02
1.190691551108e-02,1.670707090871e-02,3.133870494628e-01,4.753644335771e-02,5.924300966939e-02,3.928765041487e-04,4.530882480969e-03,2.411824598459e-01,2.758020450256e-01,9.268765341381e-03,2.004248189232e-02
1.827855121683e-02,1.793582888626e-02,5.536904850149e-01,1.155273980796e-01,5.994513769252e-02,1.751452260624e-04,4.597010576218e-03,1.304123914079e-01,6.548699527167e-02,1.105403907371e-02,2.289701755436e-02
2.165010389135e-03,5.896718313137e-02,1.082505194568e-02,1.222643870410e-01,7.628726624445e-02,0.000000000000e+00,2.098886078559e-01,2.165010389135e-03,1.082505194568e-02,1.515507272395e-02,4.914573583337e-01
3.623188405797e-03,1.449275362319e-02,1.811594202899e-02,3.623188405797e-02,4.347826086957e-02,0.000000000000e+00,1.449275362319e-02,3.623188405797e-03,1.811594202899e-02,2.536231884058e-02,8.224637681159e-01
1.159546474008e-02,1.492897219703e-02,2.806794862932e-01,4.455659044030e-02,5.709233287904e-02,8.156280755431e-04,2.748205532223e-03,6.959176153589e-02,4.905095029845e-01,1.024818920813e-02,1.723386611409e-02
1.017768881192e-02,1.534960217031e-02,1.884757930277e-01,2.623386422691e-01,6.807420128897e-02,5.794875513198e-04,1.045559886533e-02,3.409255692493e-02,3.241785983560e-02,1.763381342787e-02,3.604047558269e-01
2.075033696704e-02,5.128932044758e-01,1.886894284903e-02,6.808872976680e-02,2.248779914247e-01,0.000000000000e+00,1.817729930581e-02,7.168548232563e-02,3.533088371402e-02,4.288396102052e-03,2.503873306909e-02
8.510831592922e-03,1.296384299070e-02,6.523895903781e-02,7.166961149516e-02,3.054687840194e-01,0.000000000000e+00,8.501870088060e-03,2.358075209970e-01,5.588729094640e-02,1.388950464727e-02,2.220617841852e-01
1.751925368532e-02,1.704328465097e-02,4.729421660114e-01,2.572966052605e-01,7.105866399851e-02,5.514805156740e-04,5.677278192590e-03,6.866055771145e-02,5.453714867469e-02,1.175501393821e-02,2.295854736074e-02
6.475284869690e-03,4.891130609994e-02,5.813878746791e-02,1.329764328422e-01,2.725263503119e-01,0.000000000000e+00,1.638016182615e-01,2.461454752849e-01,4.796561402238e-02,6.475284869690e-03,1.658384596993e-02
1.049181135557e-02,1.451179304342e-02,2.333579511628e-01,4.397646494331e-02,5.762179438690e-02,9.151303244356e-04,2.663765550364e-03,6.786872947365e-02,5.419549042559e-01,1.009939226713e-02,1.653826323651e-02
1.185223752084e-02,1.766350645848e-01,7.328978093098e-02,6.465406258531e-02,1.997507074474e-01,0.000000000000e+00,1.098820616248e-02,3.691260464587e-01,6.332479850147e-02,6.534344185540e-03,2.384475162239e-02
1.209287822188e-02,1.058406863403e-02,5.063676377100e-02,3.683034144156e-01,4.147914013950e-01,7.564412956612e-04,7.560339953130e-03,5.441082424235e-02,4.307235081439e-02,1.284931951754e-02,2.494219773941e-02
1.031189795517e-02,1.519531689181e-02,2.487572785142e-01,4.267638721756e-02,5.262303796795e-02,4.839278072003e-04,6.252542079535e-03,5.198091171032e-02,3.042298525525e-01,1.479579812547e-02,2.526930491783e-01
4.238283177673e-01,2.261481424403e-01,1.458315903411e-01,4.069128353707e-02,1.496059011391e-02,0.000000000000e+00,7.112529174009e-03,5.273166492916e-02,5.694225778518e-02,1.825130451140e-03,2.992849346078e-02
6.622129466079e-03,6.166309019395e-02,2.748161106924e-02,3.386658595279e-01,2.660571429506e-01,4.869878180907e-04,2.265902723904e-01,2.898080966099e-02,2.261173288833e-02,7.109117284170e-03,1.373124675025e-02
3.069961940779e-01,2.242227069154e-02,2.746104788029e-01,5.754213125255e-02,1.741242473384e-01,0.000000000000e+00,2.477435349482e-03,5.987633551996e-02,6.625754565617e-02,7.189539296969e-03,2.850382201425e-02
1.061946902655e-02,1.415929203540e-02,4.070796460177e-02,7.168141592920e-01,1.115044247788e-01,1.769911504425e-03,1.061946902655e-02,3.539823008850e-02,2.300884955752e-02,1.238938053097e-02,2.300884955752e-02
1.061946902655e-02,1.415929203540e-02,4.070796460177e-02,7.168141592920e-01,1.115044247788e-01,1.769911504425e-03,1.061946902655e-02,3.539823008850e-02,2.300884955752e-02,1.238938053097e-02,2.300884955752e-02
1.818372851845e-02,1.732102382788e-02,5.145679214598e-01,2.130433618429e-01,6.716358734406e-02,4.341410959725e-04,5.201326899604e-03,7.186384313116e-02,5.757344072302e-02,1.169392208437e-02,2.295370307277e-02
1.109035944569e-02,1.301667771527e-02,4.388113361497e-02,6.054327648698e-01,2.084326453925e-01,1.446014101785e-03,9.641794544702e-03,4.147451117759e-02,2.942099259711e-02,1.253637354747e-02,2.362673299316e-02
1.233075817138e-02,1.520691189770e-02,3.122067886412e-01,4.494309083368e-02,5.673958665062e-02,7.493361119266e-04,2.804462473824e-03,7.073970723613e-02,4.562347332453e-01,1.034732306198e-02,1.769730167626e-02
7.826991002427e-03,1.584753272223e-02,9.762967642840e-02,6.480084500439e-02,2.056874654925e-01,0.000000000000e+00,7.467427892383e-03,4.935685846730e-01,7.594651897134e-02,7.826991002427e-03,2.339796681095e-02
1.566773525980e-02,3.101522059983e-01,4.961152942985e-02,6.821871638433e-02,2.318109835647e-01,0.000000000000e+00,1.374042423330e-02,2.291458119735e-01,5.126945326945e-02,5.911591638175e-03,2.447154824869e-02
1.178546535457e-02,1.654670832098e-02,3.068455166221e-01,4.727847859673e-02,5.914272104782e-02,4.310321016774e-04,4.400347415748e-03,2.291980777232e-01,2.952629924586e-01,9.322800498770e-03,1.978585985984e-02
9.115409178291e-03,1.376945649805e-02,6.456132440056e-02,4.160355496499e-01,8.817243426831e-02,1.519234863049e-03,6.961305720078e-03,4.761752492668e-02,3.218630632341e-01,1.117316990589e-02,1.921152735508e-02
1.061946902655e-02,1.415929203540e-02,4.070796460177e-02,7.168141592920e-01,1.115044247788e-01,1.769911504425e-03,1.061946902655e-02,3.539823008850e-02,2.300884955752e-02,1.238938053097e-02,2.300884955752e-02
9.425321956425e-03,1.070413366897e-02,2.770882794185e-01,4.078206827385e-02,4.768923283132e-02,4.104828895944e-04,1.981369882332e-03,5.936431842839e-02,2.881733856690e-01,2.321541682995e-01,3.222723868208e-02
1.142941480026e-02,1.219396082042e-02,4.616591134912e-02,5.252347896229e-01,2.782238980323e-01,1.212798168243e-03,8.937839325777e-03,4.584961747703e-02,3.403792966669e-02,1.264221296850e-02,2.407162776876e-02
1.465720951953e-02,1.584699887572e-02,2.936505742331e-01,4.479053850463e-01,8.783564464309e-02,1.056888071885e-03,7.727308612679e-03,5.486327918439e-02,4.145914856192e-02,1.201815044110e-02,2.297941281031e-02
7.246376811594e-03,1.328502415459e-02,9.420289855072e-02,4.227053140097e-02,5.917874396135e-02,1.207729468599e-03,2.415458937198e-03,6.280193236715e-02,6.932367149758e-01,9.661835748792e-03,1.449275362319e-02
6.122448979592e-03,1.836734693878e-02,1.102040816327e-01,5.102040816327e-02,6.734693877551e-02,0.000000000000e+00,8.163265306122e-03,6.285714285714e-01,8.163265306122e-02,6.122448979592e-03,2.244897959184e-02
6.122448979592e-03,1.836734693878e-02,1.102040816327e-01,5.102040816327e-02,6.734693877551e-02,0.000000000000e+00,8.163265306122e-03,6.285714285714e-01,8.163265306122e-02,6.122448979592e-03,2.244897959184e-02
1.280009527264e-02,1.685590283093e-02,3.494835343259e-01,4.768573254283e-02,5.855299340058e-02,3.572252135910e-04,4.399233564546e-03,2.231218699018e-01,2.569296880474e-01,9.505323280486e-03,2.030840161925e-02
1.194649566827e-02,1.492800761035e-02,2.296556073518e-01,2.691130741760e-01,7.491445088987e-02,1.072891815756e-03,5.425067679971e-03,5.924427109013e-02,3.030603894464e-01,1.105349719825e-02,1.958624707310e-02
1.141772368970e-02,1.836051873154e-02,3.138399989257e-01,5.039733425315e-02,6.202435123647e-02,0.000000000000e+00,6.440850031301e-03,4.298654769015e-01,7.695533110581e-02,8.071902144949e-03,2.262651297993e-02
1.550909042855e-02,1.427068783756e-02,3.090369023183e-01,2.757268350587e-01,2.266607800334e-01,5.591392654712e-04,6.193251486369e-03,6.446117416009e-02,5.149822411346e-02,1.221435152117e-02,2.386956377687e-02
1.391122095026e-02,1.283760482842e-02,2.665897361711e-01,7.022670366028e-02,2.837629989748e-01,3.452579776185e-04,3.862722585150e-03,7.185032210428e-02,2.431244688215e-01,1.162333194568e-02,2.186563198088e-02
1.406458972748e-02,1.478241023082e-02,3.047013659655e-01,6.993713795966e-02,2.582225330561e-01,0.000000000000e+00,5.379131495251e-03,2.296741511436e-01,6.868155765201e-02,1.057557016436e-02,2.398155260532e-02
2.064220183486e-02,1.834862385321e-02,6.685779816514e-01,4.931192660550e-02,5.275229357798e-02,0.000000000000e+00,3.440366972477e-03,8.371559633028e-02,6.880733944954e-02,1.146788990826e-02,2.293577981651e-02
8.274716122209e-03,1.355155823446e-02,7.789414089074e-02,2.479155849841e-01,7.513103672722e-02,1.379119353702e-03,4.916578249074e-03,5.444749005911e-02,4.889073883053e-01,1.049336994419e-02,1.708901712984e-02
1.009549221035e-02,1.530340848152e-02,1.818162549677e-01,2.719786497249e-01,6.895220767605e-02,6.049224393873e-04,1.051860972265e-02,3.368921123914e-02,3.194388601270e-02,1.759657162527e-02,3.575007859004e-01
1.780268121575e-02,1.437191097965e-02,4.358653115128e-01,7.175013685933e-02,2.770329022842e-01,0.000000000000e+00,4.140443745753e-03,7.795466802301e-02,6.470606596393e-02,1.212529313852e-02,2.425058627703e-02
9.124124168196e-03,1.235528878390e-02,7.634124501585e-02,1.875629465098e-01,1.886861056830e-01,1.070021766601e-03,4.604770013788e-03,5.863686599471e-02,4.321062160263e-01,1.091838543811e-02,1.859403059968e-02
1.178132958472e-02,1.000185778832e-02,6.845852371852e-02,9.676985037455e-02,5.266213438967e-01,0.000000000000e+00,5.853166292910e-03,1.803777409185e-01,6.275535142341e-02,1.178132958472e-02,2.559950641769e-02
1.172416314871e-02,1.332497013561e-02,2.230363235897e-01,5.824602337236e-02,1.839193210341e-01,6.583039158054e-04,3.280209514012e-03,6.903685456240e-02,4.068340716161e-01,1.085765825813e-02,1.908210085304e-02
1.698130115970e-02,2.163761490865e-01,2.870247926659e-01,4.671014087699e-02,4.731457673887e-02,4.215689520651e-04,8.756198222671e-03,7.355976221243e-02,2.747411818932e-01,7.731769702368e-03,2.038255848926e-02
1.510267537918e-02,1.835576702079e-02,4.555490808051e-01,4.996374064687e-02,5.832039270397e-02,0.000000000000e+00,5.242230993685e-03,2.915871301862e-01,7.370040923954e-02,9.428515565125e-03,2.275005745952e-02
1.119475152617e-02,1.990279400060e-01,7.518678972386e-02,4.627250937811e-02,5.277231989614e-02,5.786110965058e-04,9.436883514151e-03,2.196733676880e-01,3.604391801797e-01,6.298617894069e-03,1.911902909726e-02
1.027847058217e-02,1.836198778777e-02,2.700287021977e-01,5.053138563427e-02,6.316948056892e-02,0.000000000000e+00,6.811419465698e-03,4.726161150303e-01,7.796163462439e-02,7.652486590856e-03,2.258831751791e-02
1.060880718250e-02,7.198251518407e-03,5.664057228690e-02,1.596517149623e-01,4.776143349337e-01,1.893107292975e-04,4.925041498470e-03,5.834825576261e-02,6.005020357569e-02,1.327611052923e-01,3.201240225782e-02
6.658152346105e-03,1.594493390862e-02,1.025773573884e-01,4.684991046344e-02,6.345369106362e-02,5.756461613845e-04,5.423659493166e-03,3.589058725126e-01,3.731445683387e-01,7.809444668874e-03,1.865676365521e-02
1.097407775303e-02,1.469408894387e-02,2.540361700582e-01,4.422996394710e-02,5.739043416315e-02,8.716505582464e-04,2.700663517084e-03,6.862164744321e-02,5.194746684453e-01,1.016441246794e-02,1.684222270290e-02
1.071448798349e-02,1.535819447231e-02,2.663482569578e-01,4.287084276438e-02,5.235750743267e-02,4.412616700691e-04,6.334631856699e-03,5.238724920472e-02,2.819598478543e-01,1.491728218982e-02,2.563104376137e-01
1.062564876413e-02,1.836154010475e-02,2.833798409807e-01,5.049053455870e-02,6.282051165488e-02,0.000000000000e+00,6.698491423917e-03,4.595882033877e-01,7.765497175573e-02,7.780300093049e-03,2.259995727642e-02
1.245893835236e-02,1.525536379407e-02,3.177027922074e-01,4.501046759547e-02,5.667809409068e-02,7.377797515243e-04,2.814269476917e-03,7.093982311007e-02,4.502597768523e-01,1.036460459176e-02,1.777809017742e-02
1.095788151344e-02,1.445024383726e-02,1.358173539133e-01,4.433003263789e-01,8.939701638323e-02,1.386983125021e-03,7.412851814039e-03,4.921705621366e-02,2.159273197152e-01,1.151041109282e-02,2.062255601313e-02
1.281881806108e-01,1.487813723942e-02,7.709084654722e-02,6.454903381443e-02,2.574892927560e-01,5.756762576827e-04,3.038440220135e-03,6.018237240926e-02,3.626262703578e-01,9.323129323386e-03,2.205862046380e-02
1.193697094644e-02,1.505806097810e-02,2.953223063749e-01,4.473610011287e-02,5.692850029037e-02,7.848388476737e-04,2.774334005414e-03,7.012492362400e-02,4.745906247661e-01,1.029423181495e-02,1.744910823920e-02
1.795058574037e-02,1.733119742212e-02,5.531690975203e-01,4.789710276096e-02,5.404355688221e-02,2.426684485524e-04,3.234432738614e-03,7.951342480144e-02,1.942736062993e-01,1.110500039345e-02,2.123932699269e-02
1.500357458634e-02,1.045179738981e-02,2.064647664543e-01,9.386899123585e-02,4.981213967467e-01,0.000000000000e+00,4.830556549995e-03,7.227573316766e-02,6.066316459344e-02,1.277333975864e-02,2.554667951729e-02
6.495865327987e-03,1.667878441599e-02,1.048878120410e-01,4.811332913519e-02,6.463311908564e-02,4.012587954242e-04,6.253600998103e-03,4.405988797207e-01,2.848333826461e-01,7.298382918835e-03,1.980558491504e-02
1.801000871614e-02,1.466227053341e-02,4.528568191236e-01,7.011181170895e-02,2.606570613490e-01,0.000000000000e+00,4.089327664216e-03,7.837530200534e-02,6.500552030650e-02,1.207729286426e-02,2.415458572851e-02
1.199710570434e-02,1.508079181711e-02,2.979007146851e-01,4.476770940869e-02,5.689965152315e-02,7.794172690052e-04,2.778934886395e-03,7.021880646562e-02,4.717875193766e-01,1.030233931332e-02,1.748700955062e-02
1.539871983055e-02,1.480061022404e-02,3.839030561860e-01,5.946320480232e-02,1.755025548583e-01,3.346578467102e-04,3.533966506571e-03,7.481323568485e-02,2.396225662297e-01,1.132201973928e-02,2.130540809171e-02
2.910846767668e-03,8.732540303005e-03,8.418685967344e-02,4.015286532494e-02,4.791512337205e-02,0.000000000000e+00,3.881129023558e-03,3.147427437417e-01,8.649871701868e-02,3.685144521048e-01,4.246472267019e-02
8.365748628630e-03,1.183362626765e-02,2.625257889582e-01,4.313714873418e-02,4.973889377489e-02,0.000000000000e+00,3.824436452653e-03,2.501030099850e-01,8.102605517131e-02,2.532865663138e-01,3.615872571367e-02
1.104243210377e-02,1.689261871314e-02,2.822921082727e-01,4.795097911236e-02,6.036744483751e-02,3.490365535186e-04,5.007448320908e-03,2.926285124532e-01,2.543286983770e-01,8.837048005851e-03,2.030367325014e-02
4.392211647360e-03,1.423641254267e-02,3.426543010180e-02,3.751358946058e-02,4.681069491634e-02,2.563410805209e-04,1.192934281798e-02,1.618390135132e-02,1.614106060402e-01,2.202988479381e-02,6.509715852475e-01
1.337431557138e-02,9.995161369236e-03,1.426919041645e-01,9.170022277401e-02,4.866781730083e-01,1.609285581604e-04,4.655596550806e-03,6.980494068511e-02,1.440925720851e-01,1.249663315535e-02,2.434955207806e-02
1.766059792120e-02,1.710236413717e-02,4.817966181344e-01,2.478832451687e-01,7.023012000260e-02,5.265205777055e-04,5.576035875395e-03,6.934194684372e-02,5.518301569341e-02,1.174201874114e-02,2.295751690458e-02
1.792229363890e-01,2.225247990131e-02,1.002622130036e-01,4.703348132398e-02,5.111081543426e-02,0.000000000000e+00,6.195250355667e-03,4.853474439874e-01,7.857883675879e-02,4.646437766751e-03,2.535010507915e-02
1.657823995354e-02,1.681245298492e-02,4.943267922512e-01,4.717574151404e-02,5.470191962527e-02,3.663952399205e-04,3.129435232178e-03,7.737090811606e-02,2.582437627611e-01,1.091997776049e-02,2.037437456129e-02
1.138339375662e-02,1.836056299967e-02,3.125198016185e-01,5.040137371980e-02,6.205885824206e-02,0.000000000000e+00,6.452016666529e-03,4.311537126204e-01,7.698565477333e-02,8.059263594474e-03,2.262536200860e-02
9.585815054412e-03,1.512652647519e-02,5.668186213101e-02,5.637794055458e-01,1.013546899921e-01,1.363091868805e-03,1.005490300161e-02,1.717409251120e-01,3.648371218224e-02,1.094890692322e-02,2.288016171360e-02
1.719239173343e-02,1.704460134175e-02,5.206598832702e-01,4.749856488552e-02,5.440728932557e-02,3.110250629079e-04,3.176423685147e-03,7.832972654827e-02,2.296158572958e-01,1.100277903437e-02,2.076145781710e-02
8.478575533443e-03,1.360439632014e-02,7.466107015213e-02,2.886829456343e-01,7.829344137082e-02,1.413095922240e-03,5.412403610490e-03,5.279129382843e-02,4.484008591832e-01,1.065821443642e-02,1.760370400839e-02
1.544580423017e-02,1.835532455934e-02,4.687444978790e-01,4.992336603997e-02,5.797549400720e-02,0.000000000000e+00,5.130620094056e-03,2.787111702759e-01,7.339732314937e-02,9.554838307817e-03,2.276156145710e-02
1.026370435813e-02,1.211728497531e-02,6.275618176158e-02,3.287636800983e-01,2.441626118371e-01,1.090248937613e-03,6.481088538755e-03,5.355478960025e-02,2.478387989434e-01,1.174127564072e-02,2.123033530890e-02
1.131872232945e-02,2.282146693317e-01,7.885653613788e-02,5.038326292963e-02,5.512790907272e-02,0.000000000000e+00,1.277902855422e-02,4.705877281962e-01,6.535005264615e-02,4.380918674327e-03,2.300117212765e-02
7.246376811594e-03,1.328502415459e-02,9.420289855072e-02,4.227053140097e-02,5.917874396135e-02,1.207729468599e-03,2.415458937198e-03,6.280193236715e-02,6.932367149758e-01,9.661835748792e-03,1.449275362319e-02
2.064220183486e-02,1.834862385321e-02,6.685779816514e-01,4.931192660550e-02,5.275229357798e-02,0.000000000000e+00,3.440366972477e-03,8.371559633028e-02,6.880733944954e-02,1.146788990826e-02,2.293577981651e-02
1.089421476884e-01,1.535201195808e-02,8.452914169208e-02,5.234977518419e-02,1.495261456658e-01,8.333659769879e-04,2.561309837049e-03,5.980766266993e-02,4.978786662781e-01,8.903372523587e-03,1.931640052583e-02
1.295255875908e-02,1.128345520703e-02,1.799373847885e-01,7.954588089779e-02,3.757262887739e-01,3.266042589495e-04,4.165919602268e-03,6.980859763948e-02,2.317964949794e-01,1.192107737644e-02,2.253573771708e-02
1.612774432882e-02,1.646165741083e-02,3.857716287834e-01,3.499694939861e-01,7.921553516768e-02,7.972067527887e-04,6.673991152080e-03,6.195240051590e-02,4.817870049321e-02,1.188294938735e-02,2.296869202190e-02
8.956948404802e-03,1.174037617251e-02,8.380196323640e-02,6.123074161657e-02,2.265993344127e-01,8.602982607610e-04,3.238660057616e-03,6.447033552880e-02,5.105099005739e-01,1.067754492632e-02,1.791389680960e-02
6.122448979592e-03,1.836734693878e-02,1.102040816327e-01,5.102040816327e-02,6.734693877551e-02,0.000000000000e+00,8.163265306122e-03,6.285714285714e-01,8.163265306122e-02,6.122448979592e-03,2.244897959184e-02
6.516581164022e-03,1.658510885918e-02,1.045928839543e-01,4.795205453448e-02,6.448256583867e-02,4.235192332688e-04,6.147659485749e-03,4.301708186093e-01,2.961062500884e-01,7.363619630559e-03,1.965893860206e-02
2.326089747017e-01,2.538881407504e-01,2.798364351996e-01,4.470234180529e-02,2.807641684685e-02,0.000000000000e+00,8.960838262439e-03,6.566598522538e-02,5.496484705733e-02,4.445483391724e-03,2.685053675940e-02
1.344742356889e-02,1.130627997231e-02,1.948790779690e-01,8.115967709062e-02,3.880985469951e-01,2.675075147307e-04,4.255671242376e-03,7.050607298526e-02,2.010098579501e-01,1.204663825685e-02,2.302324645478e-02
6.816133235040e-03,1.523055541523e-02,1.003282084169e-01,4.562001538510e-02,6.230555802429e-02,7.454063271268e-04,4.615739683960e-03,2.793805102980e-01,4.591125020679e-01,8.306945889294e-03,1.753842525721e-02
1.064634591927e-02,1.457020685286e-02,2.399839561094e-01,4.405769464987e-02,5.754765869878e-02,9.011979278736e-04,2.675588914419e-03,6.810999001045e-02,5.347514717729e-01,1.012022695190e-02,1.663566219230e-02
1.373847322503e-02,1.835752614671e-02,4.030871081520e-01,5.012426088745e-02,5.969163136181e-02,0.000000000000e+00,5.685970508040e-03,3.427790139221e-01,7.490541049755e-02,8.926285113794e-03,2.270432018549e-02
1.424345765914e-02,1.835687497400e-02,4.225068689932e-01,5.006484137795e-02,5.918404223688e-02,0.000000000000e+00,5.521712192754e-03,3.238293997752e-01,7.445935719341e-02,9.112194921580e-03,2.272125067587e-02
1.737264031207e-02,1.835283992223e-02,5.428432093706e-01,4.969664290332e-02,5.603871937684e-02,0.000000000000e+00,4.503870382050e-03,2.064063667807e-01,7.169534672628e-02,1.026420220386e-02,2.282616202207e-02
1.475487045941e-02,1.411808449697e-02,3.395130054927e-01,6.274443077169e-02,2.095290433379e-01,3.539836217858e-04,3.623456588036e-03,7.360720909625e-02,2.489941840678e-01,1.139255551819e-02,2.136917654924e-02
1.004556789987e-02,1.467039881989e-02,1.005806694616e-01,4.907371907823e-01,8.973314579753e-02,1.178453478555e-03,1.076820574502e-02,3.308166555942e-02,2.662808547674e-02,1.528439665264e-02,2.072922203265e-01
2.985629454007e-01,2.343223294230e-02,8.873158242948e-02,4.172482144799e-02,3.755126569122e-02,3.543962035382e-04,3.155562312270e-03,2.208585277006e-01,2.559484047163e-01,4.670247057201e-03,2.501001409844e-02
1.284560395129e-02,1.540152275082e-02,3.342819192960e-01,4.521371489747e-02,5.649259694645e-02,7.029190813148e-04,2.843853073196e-03,7.154348838549e-02,4.322358508860e-01,1.041673568574e-02,1.802179504622e-02
1.863108675559e-02,1.835121716730e-02,5.912382237787e-01,4.954856651651e-02,5.477378191362e-02,0.000000000000e+00,4.094530452485e-03,1.591829814277e-01,7.058375960338e-02,1.072749873465e-02,2.286835365009e-02
1.667246961281e-02,1.766923291865e-02,5.079386248555e-01,4.861803752604e-02,5.579425866614e-02,1.627087822147e-04,4.006509334409e-03,1.621402944847e-01,1.548446121997e-01,1.042752624160e-02,2.172572537824e-02
1.802285228141e-02,1.835200147997e-02,5.678478631534e-01,4.962013504748e-02,5.538515363848e-02,0.000000000000e+00,4.292373323035e-03,1.820070683065e-01,7.112101378109e-02,1.050357746788e-02,2.284796152072e-02
8.140869335006e-03,1.463892127357e-02,9.363597737006e-02,6.345599897805e-02,2.095285659295e-01,2.628849122226e-04,6.188047061049e-03,3.649347776312e-01,2.088426273728e-01,8.666639159451e-03,2.170469097704e-02
1.559973090389e-02,1.644257818286e-02,4.523710921930e-01,4.666139701358e-02,5.517134497580e-02,4.546148316592e-04,3.054569982308e-03,7.584325234168e-02,3.038557197521e-01,1.078805304990e-02,1.975764677317e-02
6.122448979592e-03,1.836734693878e-02,1.102040816327e-01,5.102040816327e-02,6.734693877551e-02,0.000000000000e+00,8.163265306122e-03,6.285714285714e-01,8.163265306122e-02,6.122448979592e-03,2.244897959184e-02
