4.474573850702e-03,3.084404783368e-02,3.768404347802e-02,5.443013972018e-01,8.987588161891e-02,1.118643462676e-03,2.365421793639e-03,3.157828669149e-02,6.711860776054e-03,1.118643462676e-03,2.499271998304e-01
6.456354521280e-03,2.922355860480e-02,1.899438271152e-01,2.691733983350e-01,6.166865780078e-02,6.784314291901e-04,3.538044861713e-03,4.377278295773e-02,8.663814835232e-03,5.083119380756e-04,3.863728176010e-01
2.948273165994e-03,2.600181298145e-02,5.419870627249e-02,6.826039502736e-02,2.880215283267e-01,0.000000000000e+00,4.610707963091e-03,3.477311669813e-02,1.670688127396e-02,1.965515443996e-03,5.025130628469e-01
0.000000000000e+00,2.392344497608e-02,2.870813397129e-02,2.392344497608e-02,1.435406698565e-02,0.000000000000e+00,4.784688995215e-03,9.569377990431e-03,0.000000000000e+00,0.000000000000e+00,8.947368421053e-01
1.667493588817e-03,1.633305713847e-02,1.242095408996e-01,1.318372209188e-01,1.638762418897e-01,0.000000000000e+00,9.453653505055e-02,2.031783652294e-02,9.449130336628e-03,9.271508473316e-02,3.450578589213e-01
0.000000000000e+00,2.392344497608e-02,2.870813397129e-02,2.392344497608e-02,1.435406698565e-02,0.000000000000e+00,4.784688995215e-03,9.569377990431e-03,0.000000000000e+00,0.000000000000e+00,8.947368421053e-01
5.883328393791e-03,9.673893573455e-02,8.311066564903e-02,1.181063756796e-01,5.672004430723e-01,0.000000000000e+00,5.579068061631e-03,6.380383133522e-02,3.665255916302e-02,3.922218929194e-03,1.900257398165e-02
1.427039628480e-02,3.292171856271e-02,4.710536276559e-01,2.728715680208e-01,8.318780020125e-02,9.570778678634e-04,3.330278961806e-03,8.658725300695e-02,1.855775311447e-02,4.824376490749e-04,1.578008867432e-02
1.398623713562e-02,3.293420607381e-02,4.561798351123e-01,2.885961250135e-01,8.433918348104e-02,9.762932427946e-04,3.267444189260e-03,8.495354892075e-02,1.822997456768e-02,5.180630535016e-04,1.601908920980e-02
1.953730076657e-03,4.587037078493e-01,5.485820754559e-02,2.870242036282e-01,8.969746588583e-02,4.884325191642e-04,1.090606490120e-02,4.395214264438e-02,2.376585987906e-02,4.884325191642e-04,2.816175255154e-02
3.272278039411e-03,3.473997697550e-01,7.353681434964e-02,9.982902319896e-02,3.496129135407e-01,0.000000000000e+00,9.930818652263e-03,5.597068027208e-02,3.404150880864e-02,2.181518692941e-03,2.422467469041e-02
1.173334809527e-02,1.726329817642e-02,1.272551493803e-01,5.292812626391e-02,6.727943072239e-02,0.000000000000e+00,5.065166279461e-03,4.568703681235e-01,2.464949873438e-01,2.532583139731e-03,1.257754247518e-02
6.415688921096e-03,3.011637299881e-02,7.100187914891e-02,3.213346151950e-01,4.591772763810e-01,4.960830730137e-04,3.450320825708e-03,5.721172618877e-02,2.808751933598e-02,3.450320825708e-03,1.925819710598e-02
1.255656218324e-02,2.800709227660e-02,3.259414472447e-01,7.720193979727e-02,2.250129963017e-01,2.616015375386e-04,5.406224030057e-03,2.793678525122e-01,2.982119173712e-02,2.518589630672e-03,1.390450274894e-02
1.139397520405e-02,2.094014030261e-02,1.379590066657e-01,5.789349647973e-02,7.708857765824e-02,0.000000000000e+00,6.774734533591e-03,5.766744432065e-01,9.536516105645e-02,3.387367266796e-03,1.252309762632e-02
2.058533870862e-01,2.632627778555e-02,1.190193168987e-01,6.286282654459e-02,6.631650576501e-02,0.000000000000e+00,5.105135486739e-03,4.711731543585e-01,2.127139786141e-02,2.552567743370e-03,1.951943046990e-02
1.429228402294e-02,2.704124070386e-02,3.772439470381e-01,5.996913345316e-02,7.520208597850e-02,3.086654684020e-04,6.029980706736e-03,3.977101337298e-01,2.759424335861e-02,2.088993948162e-03,1.251929159178e-02
9.673353299843e-03,2.181566919473e-02,8.860426513312e-02,3.138754255352e-01,8.194973693109e-02,5.902036019015e-04,2.890168271580e-03,2.386764061143e-01,2.236356656158e-01,1.740185936741e-03,1.654892036571e-02
4.742616105140e-03,1.934412462214e-01,6.732301299944e-02,2.747798498187e-01,3.463690662565e-01,4.094414655844e-04,6.455601695509e-03,5.362276073739e-02,2.800332030550e-02,2.479341627453e-03,2.237374276735e-02
6.370975583706e-03,3.050507728766e-02,6.730027316893e-02,3.712157719902e-01,4.171110782907e-01,6.208963767702e-04,3.212489761187e-03,5.501720656228e-02,2.575392202817e-02,3.212489761187e-03,1.967981918922e-02
6.051437216339e-03,3.328290468986e-02,4.084720121029e-02,7.276853252648e-01,1.164901664145e-01,1.512859304085e-03,1.512859304085e-03,3.933434190620e-02,9.077155824508e-03,1.512859304085e-03,2.269288956127e-02
8.617136221979e-03,3.184661045349e-02,1.798023809782e-01,4.234657509921e-01,2.506779822932e-01,9.225593457148e-04,2.860295474491e-03,6.071577150834e-02,1.984648785770e-02,2.024311483062e-03,1.922071339178e-02
1.062243388580e-02,1.675966837197e-02,1.047498399022e-01,6.775396503845e-02,2.153862472801e-01,0.000000000000e+00,3.156204786191e-03,2.258903306692e-01,3.394357472170e-01,2.199101058830e-03,1.404646179026e-02
1.466007697342e-02,2.092935651038e-02,3.468863767319e-01,5.206497470092e-02,5.992690979339e-02,2.911578175880e-04,3.391370116940e-03,2.199907394240e-01,2.684319413578e-01,8.222116057062e-04,1.260488496796e-02
3.605765779168e-03,3.946200755873e-01,7.346626572273e-02,2.155228439888e-01,8.643792010418e-02,3.302004139328e-04,1.075550374197e-02,1.627414136068e-01,2.613231287353e-02,1.091855121745e-03,2.529584305987e-02
6.593406593407e-03,2.857142857143e-02,8.571428571429e-02,1.230769230769e-01,6.263736263736e-01,0.000000000000e+00,4.395604395604e-03,6.593406593407e-02,3.736263736264e-02,4.395604395604e-03,1.758241758242e-02
7.115121792043e-03,3.423900549642e-01,2.147732101403e-01,6.839891497921e-02,7.619968257050e-02,1.479596563939e-04,1.071536655391e-02,2.283194912761e-01,2.925857694047e-02,1.089390241934e-03,2.159223088489e-02
1.213483834153e-02,2.251708183089e-02,2.678030228721e-01,7.581777555280e-02,2.619097826031e-01,2.124048133808e-04,2.879280881186e-03,9.084821243912e-02,2.498250188282e-01,1.604852000901e-03,1.444772983673e-02
1.092136209297e-02,3.014157056662e-02,3.060575457060e-01,9.936375294443e-02,4.165382397343e-01,2.616903325317e-04,4.315084293287e-03,8.199782634640e-02,3.196779050737e-02,2.744942298097e-03,1.569019517796e-02
1.577972122258e-02,2.926154962458e-02,4.920152427435e-01,5.995404214359e-02,7.224513250932e-02,4.595785641177e-04,5.311257088390e-03,2.853609932106e-01,2.580686638123e-02,1.276892851842e-03,1.252872366026e-02
1.255650176222e-02,2.779860560873e-02,3.210955815304e-01,7.619327826707e-02,2.164376593765e-01,2.540347902676e-04,5.491940218446e-03,2.939877357640e-01,2.981299003836e-02,2.548976600654e-03,1.382269604331e-02
2.801878182839e-01,3.350508545687e-02,4.099969270937e-01,6.385989071920e-02,5.319433667271e-02,3.937850243168e-04,2.362710145901e-03,1.214192210493e-01,1.299490580245e-02,0.000000000000e+00,2.208531975168e-02
1.581293510445e-02,2.144561572678e-02,4.252188984131e-01,5.062448723678e-02,5.500479988149e-02,3.982102404282e-04,2.389261442569e-03,1.057965483334e-01,3.106819904400e-01,0.000000000000e+00,1.262725318103e-02
1.687901631232e-02,3.090247583970e-02,5.768373258820e-01,5.994288886430e-02,7.005978684900e-02,5.711113569889e-04,4.780082162341e-03,2.023290113977e-01,2.448589986566e-02,6.767070102037e-04,1.253569445981e-02
4.045455326192e-03,2.225000429405e-02,1.101789502885e-01,5.693381298113e-01,7.787501502919e-02,1.011363831548e-03,8.388349066825e-02,2.629545962025e-02,6.068182989288e-03,8.388349066825e-02,1.517045747322e-02
2.376624823423e-03,4.147991005436e-01,5.341223281530e-02,3.325016540881e-01,9.246254692238e-02,5.941562058557e-04,9.936660020154e-03,4.347557279514e-02,2.224994486373e-02,5.941562058557e-04,2.759735071643e-02
1.357012261148e-02,3.295249242761e-02,4.343990790660e-01,3.116227161661e-01,8.602523619822e-02,1.004431687814e-03,3.175430746956e-03,8.256119942085e-02,1.774998504625e-02,5.702318759852e-04,1.636907475269e-02
1.026782726452e-02,3.164666554096e-02,2.666532067170e-01,3.165038606389e-01,2.579072102986e-01,7.708150362751e-04,3.300397094738e-03,7.084427849215e-02,2.250233719791e-02,1.897558185058e-03,1.770584353389e-02
2.910680792522e-01,2.951432982871e-02,9.466270524915e-02,7.961405739337e-02,1.934779744360e-01,0.000000000000e+00,3.280481747123e-03,2.639774934498e-01,1.834348536025e-02,2.179642190550e-03,2.388175109290e-02
1.273885350318e-02,6.369426751592e-03,9.554140127389e-02,3.821656050955e-02,3.821656050955e-02,0.000000000000e+00,0.000000000000e+00,1.019108280255e-01,6.942675159236e-01,0.000000000000e+00,1.273885350318e-02
1.174043734021e-02,1.718649170444e-02,1.270315538365e-01,5.282440340738e-02,6.707452500616e-02,0.000000000000e+00,5.029454681925e-03,4.543677509263e-01,2.496519759689e-01,2.514727340963e-03,1.257867978720e-02
1.245892441989e-02,2.988943290961e-02,3.259777656905e-01,2.610699897776e-01,8.634798182849e-02,7.371667047530e-04,4.356044682447e-03,2.407761676826e-01,2.123765620995e-02,1.561309678415e-03,1.558756041574e-02
1.521397291691e-02,2.841705278782e-02,4.483618595276e-01,5.995978213908e-02,7.336981287603e-02,4.021786091979e-04,5.584624373695e-03,3.280931071500e-01,2.648669709731e-02,1.585776359254e-03,1.252513616307e-02
1.692503718650e-02,3.097117155169e-02,5.803883163775e-01,5.994242194357e-02,6.996829956901e-02,5.757805642610e-04,4.757845062707e-03,1.988529616788e-01,2.443059894203e-02,6.515808385705e-04,1.253598628527e-02
1.073454249343e-02,3.007379415376e-02,2.965462557687e-01,1.003873505642e-01,4.255959490625e-01,2.503942637226e-04,4.318560006767e-03,8.130442150719e-02,3.220066331051e-02,2.816194424431e-03,1.577187444473e-02
1.328584505692e-02,9.052032193367e-03,1.542030862204e-01,4.042438450369e-02,4.120380233646e-02,7.085616661484e-05,4.251369996890e-04,1.026022397914e-01,6.260136210075e-01,0.000000000000e+00,1.271899572401e-02
1.038504797654e-02,1.584230691860e-02,7.629039238454e-02,2.808925536459e-01,6.576693845321e-02,5.324891465165e-04,5.324891465165e-04,7.988544893326e-02,4.530974156602e-01,5.324891465165e-04,1.624242858823e-02
1.676015081981e-02,2.609103669385e-02,5.268023131674e-01,5.444773746742e-02,6.017775435340e-02,5.209106259984e-04,3.125463755991e-03,1.069938540066e-01,1.924879132978e-01,0.000000000000e+00,1.259286581182e-02
