6.292149717792e-03,3.013496180442e-01,1.974949821150e-01,2.936168987049e-01,8.815730553274e-02,6.760858155736e-04,8.058907473902e-03,5.848113901546e-02,2.159455410753e-02,5.130037039601e-04,2.376535576897e-02
5.794922935900e-03,2.507897777842e-02,1.655280402752e-01,3.875422515110e-02,3.955754578642e-02,1.183460646221e-04,5.338199004163e-03,1.756941619034e-01,1.145521250954e-02,9.059750852419e-04,5.317743935060e-01
0.000000000000e+00,1.045190004010e-01,3.285793975743e-02,3.062268301647e-02,2.226288967223e-02,0.000000000000e+00,6.124536603295e-03,1.419371313776e-02,3.889279862342e-03,0.000000000000e+00,7.855299575495e-01
6.051437216339e-03,3.328290468986e-02,4.084720121029e-02,7.276853252648e-01,1.164901664145e-01,1.512859304085e-03,1.512859304085e-03,3.933434190620e-02,9.077155824508e-03,1.512859304085e-03,2.269288956127e-02
2.477777466022e-01,2.897180117510e-02,9.701411054218e-02,8.213953681190e-02,2.240819236089e-01,0.000000000000e+00,3.654891101631e-03,2.704424577508e-01,2.085743034294e-02,2.476912945371e-03,2.258318911896e-02
3.960391617966e-03,2.671529999225e-02,6.294941461083e-02,8.348091318309e-02,3.819693654954e-01,0.000000000000e+00,4.550981674857e-03,4.342535737208e-02,2.244221916847e-02,2.640261078644e-03,3.678657958064e-01
6.170206596850e-03,3.225041259058e-02,5.067955716496e-02,5.951889732237e-01,2.282281081404e-01,1.181325143763e-03,2.144595824961e-03,4.516351395581e-02,1.527575165276e-02,2.144595824961e-03,2.157295988124e-02
7.866936933314e-03,2.224057579653e-01,2.375419955890e-01,3.302666641605e-01,8.982565835880e-02,8.110050203796e-04,6.496791962466e-03,6.230873853597e-02,1.980985793738e-02,6.008724362070e-04,2.206572110066e-02
7.383910315723e-03,2.908944473992e-02,8.055958671693e-02,3.433368758301e-01,3.121225017552e-01,5.850346850691e-04,3.947549068700e-03,1.762541733751e-01,2.511161811150e-02,3.142168807956e-03,1.846713659376e-02
1.327845226027e-02,3.099670095289e-02,4.260608432466e-01,8.644909146966e-02,3.022577378557e-01,4.042120635776e-04,4.271231452965e-03,9.074646799060e-02,2.902965020581e-02,1.845959071499e-03,1.465965343039e-02
1.005517130229e-02,2.405785924599e-02,1.279294341111e-01,7.618481822979e-02,2.211224981379e-01,0.000000000000e+00,6.703447534858e-03,4.834085934516e-01,3.281843295128e-02,3.915654716202e-03,1.380409031904e-02
1.689109942651e-02,3.092051239696e-02,5.777696641833e-01,5.994276627088e-02,7.003576620030e-02,5.723372912125e-04,4.774243650600e-03,2.014163493407e-01,2.447138020720e-02,6.701099516625e-04,1.253577108070e-02
4.769265525744e-03,4.960251934409e-01,2.223530153755e-01,7.245012671106e-02,7.446789289503e-02,1.834332894517e-04,1.243557250035e-02,6.262051144540e-02,2.872324407919e-02,0.000000000000e+00,2.597174473742e-02
1.131215421114e-02,2.689598553352e-01,4.429722530900e-01,6.631374886115e-02,7.109966025817e-02,4.350828542748e-04,8.389821804352e-03,8.521089930297e-02,2.591638354847e-02,0.000000000000e+00,1.939014073435e-02
1.578894411488e-02,2.927531670667e-02,4.927268850898e-01,5.995394856954e-02,7.222679784392e-02,4.605143046167e-04,5.306800624263e-03,2.846643694993e-01,2.579578370470e-02,1.271857398282e-03,1.252878214404e-02
1.811846689895e-02,3.275261324042e-02,6.724738675958e-01,5.993031358885e-02,6.759581881533e-02,6.968641114983e-04,4.181184668990e-03,1.087108013937e-01,2.299651567944e-02,0.000000000000e+00,1.254355400697e-02
1.642148919804e-02,2.443014174351e-02,4.904828101988e-01,5.308079633399e-02,5.832824835133e-02,4.770410924850e-04,2.862246554910e-03,1.065657767751e-01,2.347462892937e-01,0.000000000000e+00,1.260516045816e-02
0.000000000000e+00,2.392344497608e-02,2.870813397129e-02,2.392344497608e-02,1.435406698565e-02,0.000000000000e+00,4.784688995215e-03,9.569377990431e-03,0.000000000000e+00,0.000000000000e+00,8.947368421053e-01
0.000000000000e+00,2.392344497608e-02,2.870813397129e-02,2.392344497608e-02,1.435406698565e-02,0.000000000000e+00,4.784688995215e-03,9.569377990431e-03,0.000000000000e+00,0.000000000000e+00,8.947368421053e-01
1.811846689895e-02,3.275261324042e-02,6.724738675958e-01,5.993031358885e-02,6.759581881533e-02,6.968641114983e-04,4.181184668990e-03,1.087108013937e-01,2.299651567944e-02,0.000000000000e+00,1.254355400697e-02
1.189933412118e-02,1.546496829141e-02,1.220199323705e-01,5.049958205592e-02,6.248181323546e-02,0.000000000000e+00,4.229022769252e-03,3.982746380991e-01,3.204120264231e-01,2.114511384626e-03,1.260417124939e-02
6.593406593407e-03,2.857142857143e-02,8.571428571429e-02,1.230769230769e-01,6.263736263736e-01,0.000000000000e+00,4.395604395604e-03,6.593406593407e-02,3.736263736264e-02,4.395604395604e-03,1.758241758242e-02
1.038677783793e-02,3.309238605168e-02,2.677727012284e-01,4.877799381454e-01,9.892381770335e-02,1.219695435387e-03,2.471512730019e-03,6.425933098050e-02,1.407798600334e-02,9.693319764609e-04,1.904652190759e-02
8.521089459043e-03,2.699833917743e-02,1.002392500182e-01,2.371966187241e-01,2.660984462547e-01,3.552022755138e-04,5.088722513506e-03,3.075049618522e-01,2.802404980928e-02,3.433866451960e-03,1.653945346413e-02
0.000000000000e+00,2.392344497608e-02,2.870813397129e-02,2.392344497608e-02,1.435406698565e-02,0.000000000000e+00,4.784688995215e-03,9.569377990431e-03,0.000000000000e+00,0.000000000000e+00,8.947368421053e-01
1.136379172614e-02,2.577585463225e-02,2.234348124205e-01,7.503221594006e-02,2.088346936364e-01,1.242305932458e-04,6.167914427311e-03,4.010744480967e-01,3.123658475504e-02,3.235468883374e-03,1.371998488894e-02
4.351547823500e-03,2.699104328228e-02,6.633132496204e-02,8.936322875245e-02,4.182776448608e-01,0.000000000000e+00,4.527899091755e-03,4.676921265385e-02,2.465877099984e-02,2.901031882334e-03,3.158282956912e-01
1.236358624574e-02,2.994824740131e-02,4.679976839153e-01,4.849362676991e-02,5.068489973720e-02,4.755225479130e-04,4.372872817358e-03,7.722099253418e-02,1.569224408113e-02,0.000000000000e+00,2.927503239500e-01
8.779713492500e-03,2.762389002029e-02,9.419596910725e-02,3.772750082852e-01,9.799564898773e-02,7.188902168061e-04,4.654991966990e-03,3.480116587357e-01,2.071376525994e-02,2.686941091898e-03,1.734352283573e-02
2.395123885015e-03,1.946089342395e-01,1.378373503719e-01,1.556941391483e-01,2.489588695498e-01,0.000000000000e+00,9.544422883936e-02,3.680449913418e-02,2.214120887111e-02,9.115980874468e-02,1.495583721606e-02
1.940016733230e-03,4.752968551484e-01,6.865185622697e-02,9.050319405568e-02,2.385911380255e-01,0.000000000000e+00,1.215125416257e-02,5.197389635353e-02,3.270924750246e-02,1.293344488820e-03,2.688919730277e-02
1.085287796275e-02,2.091505431842e-01,3.365771844809e-01,6.480306906577e-02,7.441892944323e-02,2.855865363546e-04,8.390993398971e-03,2.489141400454e-01,2.773032230893e-02,1.142542672509e-03,1.773381090106e-02
1.967987166369e-01,3.053211662380e-02,7.891959135500e-02,3.316639191267e-01,8.104329962922e-02,6.092887489437e-04,2.779540044286e-03,2.398872402269e-01,1.269844622426e-02,1.694414396615e-03,2.337342698740e-02
1.371648781087e-02,2.618174528015e-02,3.328152630328e-01,5.997497539317e-02,7.634674109887e-02,2.502460683194e-04,6.308203099629e-03,4.412011863638e-01,2.828614812834e-02,2.403363344856e-03,1.251564037927e-02
1.156359112312e-02,2.602339530349e-01,4.514504379592e-01,6.607793376914e-02,7.097022232123e-02,4.447535047354e-04,8.234347500792e-03,8.607902615586e-02,2.580851860103e-02,0.000000000000e+00,1.913721603000e-02
1.305218918321e-02,2.048586373196e-02,2.851835747849e-01,6.583843020471e-02,1.893527931443e-01,2.319174827777e-04,2.447952675086e-03,9.552714769647e-02,3.129857145511e-01,1.056447778420e-03,1.383796876703e-02
1.104438419952e-02,2.973898480035e-02,2.485025308838e-01,3.316915881821e-01,9.179398495346e-02,8.094266754023e-04,4.140703699005e-03,2.438896597635e-01,1.993183722102e-02,1.796846782461e-03,1.666005283933e-02
1.811846689895e-02,3.275261324042e-02,6.724738675958e-01,5.993031358885e-02,6.759581881533e-02,6.968641114983e-04,4.181184668990e-03,1.087108013937e-01,2.299651567944e-02,0.000000000000e+00,1.254355400697e-02
1.128086103175e-02,1.601560296259e-01,3.880400532125e-01,8.057393137749e-02,2.214367951463e-01,3.649262936943e-04,6.529761105984e-03,8.429133101334e-02,2.849167642757e-02,1.195184930464e-03,1.763944983506e-02
1.406974653143e-02,3.128377515360e-02,4.663469227451e-01,8.211353495137e-02,2.638928472388e-01,4.520577636946e-04,4.256509699083e-03,9.368345789009e-02,2.804329269570e-02,1.544163116916e-03,1.431369221416e-02
1.009384370869e-02,2.072047383471e-01,2.770343093588e-01,6.478993836825e-02,7.596093226835e-02,2.071615100490e-04,8.754720982135e-03,3.080191082830e-01,2.865976454379e-02,1.569214815805e-03,1.770626781403e-02
1.811846689895e-02,3.275261324042e-02,6.724738675958e-01,5.993031358885e-02,6.759581881533e-02,6.968641114983e-04,4.181184668990e-03,1.087108013937e-01,2.299651567944e-02,0.000000000000e+00,1.254355400697e-02
1.326864033471e-02,3.296574121192e-02,4.186185389948e-01,3.283058856400e-01,8.724681098695e-02,1.024818485142e-03,3.108765392903e-03,8.082790021547e-02,1.740222421276e-02,6.080291035894e-04,1.662264542178e-02
1.811846689895e-02,3.275261324042e-02,6.724738675958e-01,5.993031358885e-02,6.759581881533e-02,6.968641114983e-04,4.181184668990e-03,1.087108013937e-01,2.299651567944e-02,0.000000000000e+00,1.254355400697e-02
1.387974783486e-02,3.293888579758e-02,4.506058468307e-01,2.944889392471e-01,8.477066703780e-02,9.834942491538e-04,3.243896712392e-03,8.434131452220e-02,1.810713879641e-02,5.314137565061e-04,1.610865521525e-02
1.288439366554e-02,2.493967196492e-02,2.686105199809e-01,5.998341769268e-02,7.800090415887e-02,1.658230732314e-04,6.710267613736e-03,5.040509403445e-01,2.928603297642e-02,2.857664587174e-03,1.251036394208e-02
1.701832927482e-02,2.735721881976e-02,5.544904613380e-01,5.548982410267e-02,6.158772398520e-02,5.543545347751e-04,3.326127208650e-03,1.073201983903e-01,1.602722693492e-01,0.000000000000e+00,1.258349299662e-02
1.104241247404e-02,2.259723727916e-02,3.121584685640e-01,4.275664534068e-02,4.297188403306e-02,2.864085816760e-04,3.186079343087e-03,7.638130925123e-02,2.054220027956e-01,0.000000000000e+00,2.831975523375e-01
1.594602457073e-02,2.950979190838e-02,5.048472807965e-01,5.995235485534e-02,7.191452946782e-02,4.764514466186e-04,5.230899985479e-03,2.727997649217e-01,2.560702817911e-02,1.186095652884e-03,1.252977821541e-02
1.518446225833e-02,2.837300200134e-02,4.460848043872e-01,5.996008154969e-02,7.342847864307e-02,3.991845030650e-04,5.598883804153e-03,3.303221068870e-01,2.652215854182e-02,1.601888392882e-03,1.252494903144e-02
1.382565611688e-02,3.294126288426e-02,4.477745144804e-01,2.974822206700e-01,8.498984104592e-02,9.871520326348e-04,3.231935665893e-03,8.403032731322e-02,1.804474381540e-02,5.381953059832e-04,1.615415066948e-02
1.811846689895e-02,3.275261324042e-02,6.724738675958e-01,5.993031358885e-02,6.759581881533e-02,6.968641114983e-04,4.181184668990e-03,1.087108013937e-01,2.299651567944e-02,0.000000000000e+00,1.254355400697e-02
1.238585222316e-02,2.989555768908e-02,3.221999897904e-01,2.652185000811e-01,8.664797612144e-02,7.424285702886e-04,4.338551136939e-03,2.402019426371e-01,2.114890167249e-02,1.569673348641e-03,1.565062672926e-02
1.616447646299e-02,2.316967664689e-02,4.629196787623e-01,5.204341489849e-02,5.692464497405e-02,4.437481886881e-04,2.662489132129e-03,1.062409058922e-01,2.668164740888e-01,0.000000000000e+00,1.261449095349e-02
1.811846689895e-02,3.275261324042e-02,6.724738675958e-01,5.993031358885e-02,6.759581881533e-02,6.968641114983e-04,4.181184668990e-03,1.087108013937e-01,2.299651567944e-02,0.000000000000e+00,1.254355400697e-02
1.508704276566e-02,2.399884522275e-02,4.012782972266e-01,5.494539960102e-02,6.438871691104e-02,3.544952772838e-04,4.083631402490e-03,2.424898689863e-01,1.798181822336e-01,9.783298693936e-04,1.257719050386e-02
1.811846689895e-02,3.275261324042e-02,6.724738675958e-01,5.993031358885e-02,6.759581881533e-02,6.968641114983e-04,4.181184668990e-03,1.087108013937e-01,2.299651567944e-02,0.000000000000e+00,1.254355400697e-02
1.172907460049e-02,1.730959817866e-02,1.273899358627e-01,5.299065183456e-02,6.740295071849e-02,0.000000000000e+00,5.086693723741e-03,4.583789803387e-01,2.445919109930e-01,2.543346861871e-03,1.257685688778e-02
1.126622262296e-02,2.978486416169e-02,2.610126645033e-01,3.214185672283e-01,9.096983530348e-02,8.005463978407e-04,4.164260752837e-03,2.422226141206e-01,2.010247007846e-02,1.753808454866e-03,1.650414637569e-02
1.595157692423e-02,2.951807994904e-02,5.052757027863e-01,5.995229852201e-02,7.190349165665e-02,4.770147798836e-04,5.228217110804e-03,2.723803844309e-01,2.560035620075e-02,1.183064215751e-03,1.252981342374e-02
1.395363955789e-02,2.029834668015e-02,2.961117942430e-01,5.257444561543e-02,6.225597181526e-02,2.229693914384e-04,3.889179722986e-03,2.828824166038e-01,2.539404430274e-01,1.275681687178e-03,1.259511165545e-02
1.594484178643e-02,2.950802635717e-02,5.047560166496e-01,5.995236685569e-02,7.191688078601e-02,4.763314431381e-04,5.231471502055e-03,2.728891030128e-01,2.560844947033e-02,1.186741421613e-03,1.252977071520e-02
9.761889523346e-03,2.140747982499e-02,8.902580102835e-02,3.054213339360e-01,8.078243389483e-02,5.718978679034e-04,2.833487959125e-03,2.367443521835e-01,2.353189331162e-01,1.702692913514e-03,1.642969775215e-02
7.887760085101e-03,2.791069864516e-02,9.168868597603e-02,2.586911200336e-01,3.278411336338e-01,3.879170919578e-04,4.611978236805e-03,2.319662104017e-01,2.822836774462e-02,3.457710405459e-03,1.732841774581e-02
1.362322869563e-02,2.604253668326e-02,3.256193494871e-01,5.997592158584e-02,7.653213572556e-02,2.407841415980e-04,6.353265525639e-03,4.482452359856e-01,2.839821282295e-02,2.454280338026e-03,1.251504900885e-02
1.571702413393e-02,2.916796119929e-02,4.871775083484e-01,5.995467825863e-02,7.236977130001e-02,4.532174137156e-04,5.341552067179e-03,2.900966311417e-01,2.588220625631e-02,1.311123792443e-03,1.252832608836e-02
1.710940696944e-01,2.813840597837e-02,2.541392607726e-01,6.230936793115e-02,6.574598323267e-02,1.718860617359e-04,4.735138604564e-03,3.724938633853e-01,2.110483267957e-02,1.851911117075e-03,1.821528054250e-02
1.811846689895e-02,3.275261324042e-02,6.724738675958e-01,5.993031358885e-02,6.759581881533e-02,6.968641114983e-04,4.181184668990e-03,1.087108013937e-01,2.299651567944e-02,0.000000000000e+00,1.254355400697e-02
1.676666167440e-02,2.612296781570e-02,5.275005647181e-01,5.447401725343e-02,6.021331157001e-02,5.217540287794e-04,3.130524172676e-03,1.070020838987e-01,1.916754854240e-01,0.000000000000e+00,1.259262944416e-02
1.623024924627e-02,2.993405626235e-02,5.267781793184e-01,5.994947115540e-02,7.134950451042e-02,5.052884460392e-04,5.093563775738e-03,2.513317002405e-01,2.526548996722e-02,1.030916549751e-03,1.253158052788e-02
1.313629257349e-02,2.531568339758e-02,2.880471483368e-01,5.998086196501e-02,7.750014126957e-02,1.913803498783e-04,6.588551083705e-03,4.850245062788e-01,2.898333898113e-02,2.720134492218e-03,1.251196127187e-02
1.119657858956e-02,2.770150066291e-02,2.610651493404e-01,8.556234696197e-02,2.986778878465e-01,1.861832685479e-04,5.354308682828e-03,2.611494132344e-01,3.152388354065e-02,3.009927368133e-03,1.457282050412e-02
1.288862336382e-02,3.298244124131e-02,3.987272435550e-01,3.493349411335e-01,8.878660017760e-02,1.050515945868e-03,3.024734032310e-03,7.864308484007e-02,1.696387334200e-02,6.556723285795e-04,1.694227003988e-02
1.811846689895e-02,3.275261324042e-02,6.724738675958e-01,5.993031358885e-02,6.759581881533e-02,6.968641114983e-04,4.181184668990e-03,1.087108013937e-01,2.299651567944e-02,0.000000000000e+00,1.254355400697e-02
1.149620574642e-02,2.936519077103e-02,2.664361284445e-01,2.939455608189e-01,8.948786126455e-02,7.399292481745e-04,4.402839720982e-03,2.652088784359e-01,2.099547892628e-02,1.837078922109e-03,1.608484770115e-02
1.283303340451e-02,3.017701002119e-02,4.846775716924e-01,4.942656012796e-02,5.206438671389e-02,4.935782078659e-04,4.357236097494e-03,7.978973412767e-02,1.628808085957e-02,0.000000000000e+00,2.698928087475e-01
1.573438879133e-02,2.919388155662e-02,4.885173728006e-01,5.995450207948e-02,7.233525119796e-02,4.549792052078e-04,5.333161535198e-03,2.887850434430e-01,2.586134003832e-02,1.301643151975e-03,1.252843620033e-02
1.811846689895e-02,3.275261324042e-02,6.724738675958e-01,5.993031358885e-02,6.759581881533e-02,6.968641114983e-04,4.181184668990e-03,1.087108013937e-01,2.299651567944e-02,0.000000000000e+00,1.254355400697e-02
1.367370359832e-02,2.611788095779e-02,3.295140147435e-01,5.997540947522e-02,7.643179405154e-02,2.459052477685e-04,6.328876257503e-03,4.444327644832e-01,2.833755972174e-02,2.426722385446e-03,1.251536907799e-02
1.349307063012e-02,2.584824874020e-02,3.155762970285e-01,5.997724214960e-02,7.679088368712e-02,2.275785040068e-04,6.416157374668e-03,4.580763379608e-01,2.855461709317e-02,2.525343175313e-03,1.251422365650e-02
9.286621636320e-03,2.657245668596e-02,1.041080609090e-01,3.121694891310e-01,9.455940553189e-02,5.713723866656e-04,5.238793779771e-03,4.053632719431e-01,2.287582345793e-02,2.905083083218e-03,1.634962145516e-02
9.523100201473e-03,3.313034078269e-02,2.225650701298e-01,5.355733956395e-01,1.024233495419e-01,1.278098937975e-03,2.280531767423e-03,5.929382595301e-02,1.308173090687e-02,1.077612372085e-03,1.977294376729e-02
1.811846689895e-02,3.275261324042e-02,6.724738675958e-01,5.993031358885e-02,6.759581881533e-02,6.968641114983e-04,4.181184668990e-03,1.087108013937e-01,2.299651567944e-02,0.000000000000e+00,1.254355400697e-02
1.187467218260e-02,2.494381517694e-01,4.619397599560e-01,6.578618023111e-02,7.081008000067e-02,4.567181608694e-04,8.041992644484e-03,8.715308413343e-02,2.567506666723e-02,0.000000000000e+00,1.882429425419e-02
1.462373370065e-02,3.290619097926e-02,4.895484304330e-01,2.533188830226e-01,8.175611378919e-02,9.331845287169e-04,3.408410798214e-03,8.861868075356e-02,1.896532902759e-02,4.381392748175e-04,1.548290369245e-02
1.440101851216e-02,1.617634699774e-01,5.471254674056e-01,6.341679624747e-02,6.950953484877e-02,5.538853273908e-04,6.479843582717e-03,9.587570592808e-02,2.459127904064e-02,0.000000000000e+00,1.628299912978e-02
1.811846689895e-02,3.275261324042e-02,6.724738675958e-01,5.993031358885e-02,6.759581881533e-02,6.968641114983e-04,4.181184668990e-03,1.087108013937e-01,2.299651567944e-02,0.000000000000e+00,1.254355400697e-02
1.169265233747e-02,2.848886646537e-02,2.627053786843e-01,2.518336488178e-01,8.752644704827e-02,6.311717275497e-04,4.843983249897e-03,3.122348417264e-01,2.255194827529e-02,2.049948626439e-03,1.544111304130e-02
1.023753666426e-02,2.800643401789e-02,2.274052947273e-01,9.397694309107e-02,3.720410155883e-01,1.518806012057e-04,5.103710962505e-03,2.118029081072e-01,3.274526220488e-02,3.280608491265e-03,1.524840554410e-02
1.584063874104e-02,3.285271349932e-02,5.532451059351e-01,1.859788282762e-01,7.682534129547e-02,8.508951261954e-04,3.677499270800e-03,9.561498104080e-02,2.036903313804e-02,2.855742972745e-04,1.445938937969e-02
1.811846689895e-02,3.275261324042e-02,6.724738675958e-01,5.993031358885e-02,6.759581881533e-02,6.968641114983e-04,4.181184668990e-03,1.087108013937e-01,2.299651567944e-02,0.000000000000e+00,1.254355400697e-02
1.522357778459e-02,3.170237439893e-02,5.250903501735e-01,7.579161301544e-02,2.079508147600e-01,5.218243045834e-04,4.235043071117e-03,9.796605016926e-02,2.660502862199e-02,1.104097243617e-03,1.380922645697e-02
1.208926407132e-02,2.944503747884e-02,2.991891356268e-01,2.649406423901e-01,8.722710148801e-02,7.114788573152e-04,4.485436806054e-03,2.630164690844e-01,2.151725233951e-02,1.733737761594e-03,1.564444409606e-02
1.438789110476e-02,3.291655519608e-02,4.772036797733e-01,2.663697397384e-01,8.271172342682e-02,9.491326476423e-04,3.356260037232e-03,8.726276096802e-02,1.869328378964e-02,4.677071697245e-04,1.568126614839e-02
2.030720748301e-01,2.072834268444e-02,1.033085056876e-01,5.534210915392e-02,5.180753719922e-02,0.000000000000e+00,2.572952771900e-03,2.935268741143e-01,2.488725086236e-01,1.286476385950e-03,1.948261854888e-02
1.121257610534e-02,3.158161831721e-02,3.161871776041e-01,2.613398528276e-01,2.566495774520e-01,6.995194853718e-04,3.523173381057e-03,7.639376006307e-02,2.373094961418e-02,1.793924834716e-03,1.688787031535e-02
1.367284587262e-02,2.471629830821e-02,5.688139542415e-01,1.065665880093e-01,5.101023267864e-02,5.258786874086e-04,6.449629301661e-02,8.203707523574e-02,1.735399668448e-02,6.134102089216e-02,9.465816373355e-03
1.095976354364e-02,3.033777322943e-02,2.536837116677e-01,3.577996644507e-01,9.293612244551e-02,8.806253333222e-04,3.849243171687e-03,2.119269358170e-01,1.892219312822e-02,1.644577419068e-03,1.705938979378e-02
1.609798088001e-02,2.973661825716e-02,5.165722951433e-01,5.995081312994e-02,7.161244764818e-02,4.918687005713e-04,5.157475313529e-03,2.613221975009e-01,2.542443007761e-02,1.103131555050e-03,1.253074179379e-02
1.640312451186e-02,3.213030297905e-02,5.851429942510e-01,6.932879420279e-02,1.507620004110e-01,5.931457346041e-04,4.213098015726e-03,1.023440887198e-01,2.513470991080e-02,6.542236081014e-04,1.329351765528e-02
1.475318710943e-02,3.153172103771e-02,5.011419951486e-01,7.836891634262e-02,2.307571049828e-01,4.933820777130e-04,4.243794525539e-03,9.622013501214e-02,2.719137606825e-02,1.283502059261e-03,1.401488563588e-02
1.811846689895e-02,3.275261324042e-02,6.724738675958e-01,5.993031358885e-02,6.759581881533e-02,6.968641114983e-04,4.181184668990e-03,1.087108013937e-01,2.299651567944e-02,0.000000000000e+00,1.254355400697e-02
1.811846689895e-02,3.275261324042e-02,6.724738675958e-01,5.993031358885e-02,6.759581881533e-02,6.968641114983e-04,4.181184668990e-03,1.087108013937e-01,2.299651567944e-02,0.000000000000e+00,1.254355400697e-02
1.413022880965e-02,3.292787829012e-02,4.637168167429e-01,2.806280363867e-01,8.375574421334e-02,9.665562555765e-04,3.299284389064e-03,8.578139411568e-02,1.839606945429e-02,5.000106288789e-04,1.589798071374e-02
4.011865654070e-03,2.450296553834e-01,4.782096705205e-02,5.083529372608e-01,1.031545061997e-01,1.002966413518e-03,6.188184885286e-03,4.163278216676e-02,1.638823542464e-02,1.002966413518e-03,2.541493314630e-02
1.550043865093e-02,3.180281694579e-02,5.391857875826e-01,7.427467301290e-02,1.945275697799e-01,5.385647290597e-04,4.229892171278e-03,9.899365468712e-02,2.625991833279e-02,9.985037969201e-04,1.368818031076e-02
1.703451246713e-02,2.743658589488e-02,5.562260152450e-01,5.555514438051e-02,6.167610397682e-02,5.564508723917e-04,3.338705234350e-03,1.073406543726e-01,1.582529220683e-01,0.000000000000e+00,1.258290548799e-02
9.836291766089e-03,3.099930930563e-02,2.464104488583e-01,2.587056799559e-01,3.324445157713e-01,5.901625712877e-04,3.597702247098e-03,7.170133979734e-02,2.593629401750e-02,2.371082122730e-03,1.740717358685e-02
1.811846689895e-02,3.275261324042e-02,6.724738675958e-01,5.993031358885e-02,6.759581881533e-02,6.968641114983e-04,4.181184668990e-03,1.087108013937e-01,2.299651567944e-02,0.000000000000e+00,1.254355400697e-02
1.324757827783e-02,1.985818309952e-02,2.470441912617e-01,5.330960789427e-02,6.499977193035e-02,1.563852918352e-04,4.457109101325e-03,3.500290678197e-01,2.325557444801e-01,1.759398675157e-03,1.258296216820e-02
1.582333987371e-02,2.932665951980e-02,4.953808766729e-01,5.995359959545e-02,7.215842073298e-02,4.640040455257e-04,5.290180733184e-03,2.820663882578e-01,2.575445208581e-02,1.253078230015e-03,1.252900025285e-02
9.390235440443e-03,2.492482576792e-02,1.198207472295e-01,8.519185503683e-02,2.989631461535e-01,0.000000000000e+00,6.260156960295e-03,4.032200745610e-01,3.369128386137e-02,4.007843464009e-03,1.452983152518e-02
1.092857864962e-02,2.984393481287e-02,2.440536736577e-01,3.416954154895e-01,9.239734436865e-02,8.282455124858e-04,4.069325172377e-03,2.379417217651e-01,1.964520330221e-02,1.784032246952e-03,1.681252502257e-02
1.606653236086e-02,2.968967481133e-02,5.141457138456e-01,5.995113220179e-02,7.167496578865e-02,4.886779820787e-04,5.172671110350e-03,2.636975677667e-01,2.546222014976e-02,1.120301608939e-03,1.253054237388e-02
1.407830313147e-02,2.057123441605e-02,3.064963162508e-01,5.267613527980e-02,6.219767717511e-02,2.363319973661e-04,3.861011957472e-03,2.754202592735e-01,2.506464033837e-01,1.221509986638e-03,1.259481714809e-02
1.093048178392e-02,3.014487910566e-02,3.065218440182e-01,9.931378552147e-02,4.160960831834e-01,2.622417557054e-04,4.314914624618e-03,8.203167524583e-02,3.195642270656e-02,2.741464090386e-03,1.568620796424e-02
1.811846689895e-02,3.275261324042e-02,6.724738675958e-01,5.993031358885e-02,6.759581881533e-02,6.968641114983e-04,4.181184668990e-03,1.087108013937e-01,2.299651567944e-02,0.000000000000e+00,1.254355400697e-02
1.680488487390e-02,2.631042548720e-02,5.315997821040e-01,5.462829769236e-02,6.042205691450e-02,5.267053838308e-04,3.160232302985e-03,1.070503990320e-01,1.869059744059e-01,0.000000000000e+00,1.259124180326e-02
1.116716418137e-02,2.701057849769e-02,2.437648848552e-01,8.243102052862e-02,2.721118728991e-01,1.597252438873e-04,5.634556690190e-03,3.087477821223e-01,3.153353983709e-02,3.120227806918e-03,1.431864733768e-02
1.640673677430e-02,3.213161347426e-02,5.853269004121e-01,6.930900236488e-02,1.505868644871e-01,5.933641504725e-04,4.213030810844e-03,1.023574960938e-01,2.513020718367e-02,6.528459080087e-04,1.329193834054e-02
1.007630094247e-02,3.310603010885e-02,2.515213542418e-01,5.049608441684e-01,1.001818377503e-01,1.240690465711e-03,2.402858438353e-03,6.247431939717e-02,1.371984984653e-02,1.008256871183e-03,1.930765776925e-02
1.311394975487e-02,2.528233210081e-02,2.863231668183e-01,5.998108865182e-02,7.754455771622e-02,1.891134817881e-04,6.599347042984e-03,4.867121045644e-01,2.901018720007e-02,2.732333076128e-03,1.251181959261e-02
1.675849027189e-02,3.072256569437e-02,5.675374846313e-01,5.994411170301e-02,7.029938680890e-02,5.588829698806e-04,4.838319855944e-03,2.114325870353e-01,2.463072982548e-02,7.425110183300e-04,1.253493018562e-02
4.731810843303e-03,4.008207393478e-01,1.737757491585e-01,8.498264795843e-02,2.064977844741e-01,1.214388234368e-04,1.080825037176e-02,6.177852022113e-02,3.098912224946e-02,1.049600955964e-03,2.444433559607e-02
1.811846689895e-02,3.275261324042e-02,6.724738675958e-01,5.993031358885e-02,6.759581881533e-02,6.968641114983e-04,4.181184668990e-03,1.087108013937e-01,2.299651567944e-02,0.000000000000e+00,1.254355400697e-02
1.811846689895e-02,3.275261324042e-02,6.724738675958e-01,5.993031358885e-02,6.759581881533e-02,6.968641114983e-04,4.181184668990e-03,1.087108013937e-01,2.299651567944e-02,0.000000000000e+00,1.254355400697e-02
1.665077804927e-02,3.056178283321e-02,5.592263630886e-01,5.994520453469e-02,7.051351351652e-02,5.479546530644e-04,4.890365964781e-03,2.195683090930e-01,2.476016207777e-02,8.013190231972e-04,1.253424716582e-02
1.811846689895e-02,3.275261324042e-02,6.724738675958e-01,5.993031358885e-02,6.759581881533e-02,6.968641114983e-04,4.181184668990e-03,1.087108013937e-01,2.299651567944e-02,0.000000000000e+00,1.254355400697e-02
1.356332255080e-02,2.595311432124e-02,3.209969655210e-01,5.997652938439e-02,7.665122625443e-02,2.347061560738e-04,6.382211931699e-03,4.527700682839e-01,2.847019896400e-02,2.486987497628e-03,1.251466913475e-02
1.554760585399e-02,2.891506923291e-02,4.741051208153e-01,5.995639715050e-02,7.270656667580e-02,4.360284950152e-04,5.423414292490e-03,3.028931365297e-01,2.608578751216e-02,1.403621661199e-03,1.252725178094e-02
1.589184216385e-02,3.285046334017e-02,5.559252557407e-01,1.831453768721e-01,7.661787035862e-02,8.474326546546e-04,3.688821642208e-03,9.590936269742e-02,2.042809646072e-02,2.791548571439e-04,1.441632321235e-02
1.480442540368e-02,2.780571807245e-02,4.167609968104e-01,5.996393734530e-02,7.418397359510e-02,3.606265469804e-04,5.782516070006e-03,3.590270592686e-01,2.697882933420e-02,1.809378394062e-03,1.252253915919e-02
1.811846689895e-02,3.275261324042e-02,6.724738675958e-01,5.993031358885e-02,6.759581881533e-02,6.968641114983e-04,4.181184668990e-03,1.087108013937e-01,2.299651567944e-02,0.000000000000e+00,1.254355400697e-02
1.341906572098e-02,2.573778104451e-02,3.098660463287e-01,5.997799299205e-02,7.693800187998e-02,2.200700794907e-04,6.451916246426e-03,4.636660784472e-01,2.864354499603e-02,2.565747884741e-03,1.251375437997e-02
1.811846689895e-02,3.275261324042e-02,6.724738675958e-01,5.993031358885e-02,6.759581881533e-02,6.968641114983e-04,4.181184668990e-03,1.087108013937e-01,2.299651567944e-02,0.000000000000e+00,1.254355400697e-02
1.561323260059e-02,2.046621664846e-02,4.038019582717e-01,4.981842729547e-02,5.391418034929e-02,3.723411867107e-04,2.234047120264e-03,1.055441190958e-01,3.356009743248e-01,0.000000000000e+00,1.263450310691e-02
1.811846689895e-02,3.275261324042e-02,6.724738675958e-01,5.993031358885e-02,6.759581881533e-02,6.968641114983e-04,4.181184668990e-03,1.087108013937e-01,2.299651567944e-02,0.000000000000e+00,1.254355400697e-02
1.209297276628e-02,2.418622173122e-01,4.693006231281e-01,6.558144270145e-02,7.069770041026e-02,4.651143371646e-04,7.907007964046e-03,8.790680242086e-02,2.558141700855e-02,0.000000000000e+00,1.860470195108e-02
1.376168138473e-02,2.624920607461e-02,3.363024186790e-01,5.997451686610e-02,7.625689845204e-02,2.548313389707e-04,6.286365748152e-03,4.377876243115e-01,2.823184132907e-02,2.378688857164e-03,1.251592695869e-02
1.811846689895e-02,3.275261324042e-02,6.724738675958e-01,5.993031358885e-02,6.759581881533e-02,6.968641114983e-04,4.181184668990e-03,1.087108013937e-01,2.299651567944e-02,0.000000000000e+00,1.254355400697e-02
8.926181065806e-03,3.315657268250e-02,1.913204263625e-01,5.686051984021e-01,1.048420037157e-01,1.318463730130e-03,2.148537854059e-03,5.586198420552e-02,1.239318264999e-02,1.152448905344e-03,2.027500042631e-02
1.585859085415e-02,2.937927892877e-02,4.981008575235e-01,5.995324194441e-02,7.208834348272e-02,4.675805559061e-04,5.273147602497e-03,2.794038103988e-01,2.571209279099e-02,1.233832133530e-03,1.252922378474e-02
9.399792217230e-03,3.313575961163e-02,2.161107385276e-01,5.423969078561e-01,1.029229806526e-01,1.286437255274e-03,2.253265254395e-03,5.858489661428e-02,1.293949472690e-02,1.093071655449e-03,1.987665562858e-02
1.447892105749e-02,3.291255484083e-02,4.819684766698e-01,2.613324017402e-01,8.234287953834e-02,9.429770314087e-04,3.376389061375e-03,8.778611559576e-02,1.879828715027e-02,4.562946254153e-04,1.560470268911e-02
2.745169792931e-01,3.348880293943e-02,4.156765857813e-01,6.377485979479e-02,5.350596596483e-02,4.003432605080e-04,2.402059563048e-03,1.211442274215e-01,1.321132759676e-02,0.000000000000e+00,2.187884838470e-02
1.811846689895e-02,3.275261324042e-02,6.724738675958e-01,5.993031358885e-02,6.759581881533e-02,6.968641114983e-04,4.181184668990e-03,1.087108013937e-01,2.299651567944e-02,0.000000000000e+00,1.254355400697e-02
1.432381078683e-02,3.137594730207e-02,4.792817475806e-01,8.072149917060e-02,2.515748667816e-01,4.674197884398e-04,4.251782922238e-03,9.462644987060e-02,2.772659864711e-02,1.447264191599e-03,1.420261295831e-02
9.695624615021e-03,2.133828791819e-01,3.284561639060e-01,2.431076076610e-01,8.332859780975e-02,7.147158164544e-04,6.684573684515e-03,7.222980097556e-02,2.151096258651e-02,4.039539369452e-04,2.048511982637e-02
1.259011996929e-02,2.969153358909e-02,3.297419572596e-01,2.468922465587e-01,8.555832797417e-02,7.071542264240e-04,4.473119425604e-03,2.516933670904e-01,2.168346477810e-02,1.597451072436e-03,1.537125805621e-02
1.373100975162e-02,2.945017977588e-02,4.093603491730e-01,7.568949564381e-02,2.099210391994e-01,3.695116924486e-04,4.966207319994e-03,2.124018183392e-01,2.839760913991e-02,1.922528401921e-03,1.379025156284e-02
1.562901934242e-02,2.903659577175e-02,4.803870206876e-01,5.995557114174e-02,7.254472058435e-02,4.442885826171e-04,5.384075625286e-03,2.967438110634e-01,2.598795709963e-02,1.359172064792e-03,1.252776803641e-02
1.626500476377e-02,3.208019441928e-02,5.781110930296e-01,7.008556193884e-02,1.574585597324e-01,5.847943079754e-04,4.215667685458e-03,1.018314396083e-01,2.530687778284e-02,7.069018376054e-04,1.335390489398e-02
1.811846689895e-02,3.275261324042e-02,6.724738675958e-01,5.993031358885e-02,6.759581881533e-02,6.968641114983e-04,4.181184668990e-03,1.087108013937e-01,2.299651567944e-02,0.000000000000e+00,1.254355400697e-02
1.125000000000e-02,2.250000000000e-02,1.425000000000e-01,6.000000000000e-02,8.125000000000e-02,0.000000000000e+00,7.500000000000e-03,6.275000000000e-01,3.125000000000e-02,3.750000000000e-03,1.250000000000e-02
9.318494140943e-03,2.013464821952e-02,6.756739588471e-02,3.908536393680e-01,7.825053615724e-02,7.737700574525e-04,7.737700574525e-04,6.990533278283e-02,3.438186785014e-01,7.737700574525e-04,1.782996477292e-02
9.841269380227e-03,2.542200145287e-02,1.149536537886e-01,2.409324617622e-01,9.079954350653e-02,4.099616208869e-04,5.877576885340e-03,4.681161459356e-01,2.524149999388e-02,3.143769253113e-03,1.526211642073e-02
4.437094414767e-03,1.589496138280e-02,4.433474708034e-02,2.541798690444e-01,1.692766677335e-01,5.014837538049e-04,2.122256686837e-03,1.486432463293e-01,9.762123077129e-03,3.406240059684e-01,1.022354452879e-02
1.811846689895e-02,3.275261324042e-02,6.724738675958e-01,5.993031358885e-02,6.759581881533e-02,6.968641114983e-04,4.181184668990e-03,1.087108013937e-01,2.299651567944e-02,0.000000000000e+00,1.254355400697e-02
1.592304457890e-02,2.947548949825e-02,5.030741347179e-01,5.995258800681e-02,7.196021258411e-02,4.741199319116e-04,5.242003824271e-03,2.745354901893e-01,2.563464205642e-02,1.198642116401e-03,1.252963249574e-02
1.898093637201e-01,2.992139469216e-02,3.261174201661e-01,6.256081256798e-02,6.247389237150e-02,2.693472156966e-04,4.052483748798e-03,2.856751671140e-01,1.904012667890e-02,1.218200227309e-03,1.886179149746e-02
1.811846689895e-02,3.275261324042e-02,6.724738675958e-01,5.993031358885e-02,6.759581881533e-02,6.968641114983e-04,4.181184668990e-03,1.087108013937e-01,2.299651567944e-02,0.000000000000e+00,1.254355400697e-02
1.811846689895e-02,3.275261324042e-02,6.724738675958e-01,5.993031358885e-02,6.759581881533e-02,6.968641114983e-04,4.181184668990e-03,1.087108013937e-01,2.299651567944e-02,0.000000000000e+00,1.254355400697e-02
1.385080189180e-02,3.120434407503e-02,4.552000947202e-01,8.331314790710e-02,2.745080980457e-01,4.388192506008e-04,4.260583087727e-03,9.287081685556e-02,2.831620973487e-02,1.627667584122e-03,1.440941684730e-02
2.516538113004e-01,2.995140088104e-02,2.564349632871e-01,6.349062410680e-02,5.926681852546e-02,1.876612310774e-04,3.670523483130e-03,2.961602977241e-01,1.679513769499e-02,1.272278048333e-03,2.111648371758e-02
1.360861845824e-02,2.810871116425e-02,3.729974065853e-01,7.008214135950e-02,1.624811117506e-01,3.150537717491e-04,5.501802892339e-03,3.029137531633e-01,2.849867178584e-02,2.158132003280e-03,1.333459706556e-02
1.546337068721e-02,2.878933075314e-02,4.676054990244e-01,5.995725178757e-02,7.287402212783e-02,4.274821242575e-04,5.464116383224e-03,3.092555890700e-01,2.618700859083e-02,1.449611818839e-03,1.252671763277e-02
1.708707462267e-02,3.121304607595e-02,5.928911948231e-01,5.994077793661e-02,6.964617695493e-02,5.922206338793e-04,4.679549231150e-03,1.866139463507e-01,2.423588686749e-02,5.631127139372e-04,1.253701378962e-02
