1.997064662571e-01,3.196244374544e-02,3.014301480154e-01,8.267366554798e-02,2.340930048119e-01,2.623093581228e-04,2.963673010209e-03,1.041678900456e-01,2.046965214057e-02,1.389816861473e-03,2.088093020620e-02
1.078182142575e-02,1.692735452476e-02,1.084166901136e-01,6.563770661005e-02,1.932539766103e-01,0.000000000000e+00,3.487206964056e-03,2.637723088389e-01,3.216289813000e-01,2.270778930993e-03,1.382317468160e-02
0.000000000000e+00,2.392344497608e-02,2.870813397129e-02,2.392344497608e-02,1.435406698565e-02,0.000000000000e+00,4.784688995215e-03,9.569377990431e-03,0.000000000000e+00,0.000000000000e+00,8.947368421053e-01
6.051437216339e-03,3.328290468986e-02,4.084720121029e-02,7.276853252648e-01,1.164901664145e-01,1.512859304085e-03,1.512859304085e-03,3.933434190620e-02,9.077155824508e-03,1.512859304085e-03,2.269288956127e-02
2.122144362164e-01,2.902834619188e-02,9.427241900070e-02,8.936010360621e-02,2.936175545669e-01,0.000000000000e+00,3.704816587727e-03,2.296853182813e-01,2.340132846453e-02,2.771399757210e-03,2.194427732710e-02
8.149338893009e-03,2.654274987991e-02,1.046883981820e-01,1.020006955850e-01,4.442285723627e-01,0.000000000000e+00,5.432892595339e-03,2.535730755870e-01,3.532018935873e-02,4.179885168226e-03,1.588420238816e-02
6.171839799169e-03,3.223621475201e-02,5.081476226982e-02,5.933670107913e-01,2.297646208742e-01,1.176766204775e-03,2.153282858154e-03,4.524367112484e-02,1.536098878237e-02,2.153282858154e-03,2.155755968514e-02
9.965620617100e-03,1.824048114539e-01,3.259492940052e-01,2.767683432663e-01,8.539472982132e-02,7.912354997995e-04,5.994276522511e-03,7.173024792923e-02,2.040856488533e-02,4.821137444403e-04,2.011076225490e-02
7.046855250598e-03,3.041470209999e-02,6.798738322771e-02,4.800065390342e-01,2.247704326544e-01,9.196501366857e-04,3.165153272589e-03,1.441795921006e-01,1.914050349662e-02,2.534671659665e-03,1.983451706692e-02
7.697544945698e-03,2.788577894236e-02,9.197634139254e-02,2.205641011377e-01,3.891809010940e-01,2.848160546667e-04,4.657003206021e-03,2.063855954809e-01,3.045419381228e-02,3.685661671148e-03,1.722806226268e-02
1.173550002410e-02,1.723998369617e-02,1.271872773149e-01,5.289664135869e-02,6.721723192388e-02,0.000000000000e+00,5.054326081830e-03,4.561107027239e-01,2.474532861312e-01,2.527163040915e-03,1.257788770440e-02
4.173553327785e-03,2.282433654734e-01,4.726811958307e-02,5.257405809418e-01,1.042116948355e-01,1.043388331946e-03,5.817546987077e-03,4.145057259600e-02,1.580864730194e-02,1.043388331946e-03,2.519914228946e-02
4.019148184703e-03,2.578015078886e-01,6.005525800502e-02,3.351961933045e-01,2.360636348118e-01,5.722662639919e-04,7.253902067402e-03,4.876449530390e-02,2.429389608196e-02,1.725655016482e-03,2.425404307168e-02
1.546894363878e-02,3.127355460383e-02,5.080218702969e-01,1.491018438562e-01,7.618843650785e-02,7.004752409019e-04,4.326598509535e-03,1.778716358777e-01,2.238561492187e-02,7.688815508889e-04,1.389214499560e-02
1.473792700462e-02,3.290117269934e-02,4.955256707153e-01,2.469997512207e-01,8.129341441375e-02,9.254625632033e-04,3.433661824977e-03,8.927520744941e-02,1.909705139280e-02,4.238227108486e-04,1.538685800511e-02
0.000000000000e+00,2.392344497608e-02,2.870813397129e-02,2.392344497608e-02,1.435406698565e-02,0.000000000000e+00,4.784688995215e-03,9.569377990431e-03,0.000000000000e+00,0.000000000000e+00,8.947368421053e-01
4.081110529584e-03,2.842739180666e-02,5.115832787139e-02,2.810255025886e-01,2.463756521390e-01,4.832419747500e-04,3.612827121064e-03,3.744069776786e-02,1.507226008848e-02,1.915337061806e-03,3.304076510508e-01
1.811846689895e-02,3.275261324042e-02,6.724738675958e-01,5.993031358885e-02,6.759581881533e-02,6.968641114983e-04,4.181184668990e-03,1.087108013937e-01,2.299651567944e-02,0.000000000000e+00,1.254355400697e-02
6.220220856000e-03,3.181562605551e-02,5.482000141638e-02,5.393942316917e-01,2.752814004151e-01,1.041714788465e-03,2.410622589892e-03,4.761820152149e-02,1.788600504292e-02,2.410622589892e-03,2.110135303268e-02
8.706759931890e-03,2.691220581623e-02,1.010136618615e-01,2.579394380277e-01,2.220372479463e-01,4.141137303294e-04,5.114317070711e-03,3.314053690448e-01,2.665116948708e-02,3.292943075926e-03,1.651277400747e-02
7.481626285861e-03,1.752237366755e-02,7.433888145841e-02,5.843118560964e-02,1.990320464344e-01,0.000000000000e+00,2.568666362157e-03,6.624131462965e-02,3.161149615282e-01,1.250971618447e-03,2.570179724057e-01
1.172538503006e-02,2.963725056305e-02,4.453218098415e-01,4.722532810814e-02,4.880952303275e-02,4.509763473100e-04,4.394130531755e-03,7.372885507615e-02,1.488221946123e-02,0.000000000000e+00,3.238245220081e-01
7.402503271625e-03,2.157233582274e-01,2.096303879341e-01,3.664871774582e-01,9.239152268168e-02,8.629259824429e-04,6.231752177424e-03,5.919445977906e-02,1.896809868514e-02,6.833441941769e-04,2.242446960874e-02
6.006900952401e-03,2.101540772028e-01,7.989164265288e-02,3.234062504237e-01,9.365369470214e-02,5.858235198934e-04,7.445408241766e-03,2.328308019549e-01,2.252598715719e-02,1.807025810836e-03,2.169238738152e-02
1.345265205111e-02,3.047895153319e-02,5.066931900568e-01,5.065792960986e-02,5.388515788594e-02,5.174096942736e-04,4.336597346108e-03,8.318019066761e-02,1.707451991103e-02,0.000000000000e+00,2.397234012440e-01
2.154914935991e-03,2.310122286347e-01,5.792401602950e-02,7.341695188427e-02,2.345521685999e-01,0.000000000000e+00,8.074984573148e-03,3.978596150821e-02,2.213131047060e-02,1.436609957327e-03,3.295108534064e-01
8.996774140420e-03,2.717366091354e-02,9.844037728051e-02,3.493964935226e-01,9.652423204557e-02,6.557223309073e-04,4.904978875434e-03,3.725699114957e-01,2.163956958764e-02,2.780350603171e-03,1.691792920449e-02
1.398017596426e-02,1.990768362944e-02,2.943651397910e-01,5.206383185018e-02,6.126371738845e-02,2.221203055590e-04,3.717390837045e-03,2.711924304229e-01,2.694945169556e-01,1.192334501845e-03,1.260065835374e-02
1.415563717628e-02,2.683726690739e-02,3.667002174277e-01,5.997051985110e-02,7.547373332427e-02,2.948014890323e-04,6.096007908483e-03,4.080313464713e-01,2.775844486427e-02,2.163599487145e-03,1.251842509306e-02
1.162402477831e-02,2.839534372735e-02,2.953431443070e-01,8.582804412457e-02,3.001239237373e-01,2.315753933630e-04,5.124828727427e-03,2.249507979642e-01,3.101245853861e-02,2.768426917558e-03,1.459743178431e-02
1.811846689895e-02,3.275261324042e-02,6.724738675958e-01,5.993031358885e-02,6.759581881533e-02,6.968641114983e-04,4.181184668990e-03,1.087108013937e-01,2.299651567944e-02,0.000000000000e+00,1.254355400697e-02
1.292226533952e-02,2.841371493689e-02,3.509240262435e-01,7.652417013301e-02,2.185552698859e-01,2.936526801876e-04,5.286779850887e-03,2.615125423021e-01,2.937621554060e-02,2.339210121850e-03,1.385215296550e-02
1.673148791518e-02,3.224943016724e-02,6.018605096592e-01,6.752966820692e-02,1.348417208007e-01,6.130002659678e-04,4.206988929153e-03,1.035628514912e-01,2.472540111038e-02,5.289873333459e-04,1.314995412080e-02
1.169232182357e-02,2.888930590899e-02,2.691550207369e-01,2.662691870721e-01,8.806561395430e-02,6.752534555405e-04,4.660376380059e-03,2.910524624217e-01,2.193785560542e-02,1.940388528060e-03,1.566221411342e-02
1.920927616592e-01,3.135156202001e-02,2.240979563271e-01,9.155073043916e-02,3.137667707781e-01,1.702685860115e-04,3.035595188551e-03,9.780383293039e-02,2.273772455447e-02,2.013983672482e-03,2.137881384448e-02
1.442846072408e-02,3.141391332581e-02,4.846096462462e-01,8.014811486328e-02,2.465010484288e-01,4.737474590640e-04,4.249835946662e-03,9.501487149815e-02,2.759615128347e-02,1.407351192278e-03,1.415685903226e-02
1.255273235529e-02,2.259066552440e-01,4.848032267846e-01,6.515024805732e-02,7.046101943840e-02,4.827973982803e-04,7.622718750725e-03,8.949419721485e-02,2.538418286534e-02,0.000000000000e+00,1.814222189113e-02
1.610730007870e-02,2.975052909655e-02,5.172913685330e-01,5.995071857878e-02,7.159392153029e-02,4.928142121701e-04,5.152972314540e-03,2.606182995723e-01,2.541323167461e-02,1.098043520760e-03,1.253080088826e-02
1.383266831723e-02,2.132485178994e-02,2.974217924166e-01,5.400738013175e-02,6.513210919910e-02,2.206308668763e-04,4.393593271272e-03,3.191914531446e-01,2.103613607671e-01,1.534904035007e-03,1.257925606056e-02
1.402670746052e-02,3.293242758583e-02,4.582981804777e-01,2.863566126409e-01,8.417520193919e-02,9.735565634769e-04,3.276393201344e-03,8.518622323494e-02,1.827665722534e-02,5.129892359035e-04,1.598505043487e-02
1.589573343542e-02,2.943472194482e-02,5.009667951105e-01,5.995286510148e-02,7.201450582114e-02,4.713489852048e-04,5.255200457962e-03,2.765983561020e-01,2.566746045648e-02,1.213553273367e-03,1.252945931158e-02
8.043159483974e-03,2.261116130683e-01,2.561161348393e-01,8.962010268811e-02,2.865835575971e-01,2.112807223616e-04,7.738103625951e-03,7.276993618433e-02,3.096249879931e-02,1.699907135048e-03,2.014370585617e-02
1.811846689895e-02,3.275261324042e-02,6.724738675958e-01,5.993031358885e-02,6.759581881533e-02,6.968641114983e-04,4.181184668990e-03,1.087108013937e-01,2.299651567944e-02,0.000000000000e+00,1.254355400697e-02
9.552683253503e-03,3.312904074117e-02,2.241135410483e-01,5.339363539007e-01,1.023034820958e-01,1.276098476480e-03,2.287073328203e-03,5.946390653329e-02,1.311585505819e-02,1.073903506135e-03,1.974806205823e-02
8.980337417919e-03,1.994802928287e-02,8.953120015348e-02,9.011661633844e-02,3.979296660277e-01,0.000000000000e+00,2.688323578072e-03,7.990767007757e-02,2.925086871828e-01,2.688323578072e-03,1.570114636310e-02
1.588513933191e-02,2.941890804522e-02,5.001493495149e-01,5.995297258763e-02,7.203556638838e-02,4.702741237191e-04,5.260319485788e-03,2.773985501708e-01,2.568019084720e-02,1.219337371737e-03,1.252939213273e-02
7.665620925709e-03,2.075861700532e-01,8.333590588418e-02,6.707858336427e-02,1.693322660180e-01,0.000000000000e+00,5.512076643028e-03,7.786119733476e-02,3.615988376700e-01,8.930452633515e-04,1.913629684344e-02
1.324739648520e-02,2.548152905908e-02,2.966199740724e-01,5.997973472177e-02,7.727927204749e-02,2.026527822652e-04,6.534866124462e-03,4.766326030829e-01,2.884983111005e-02,2.659474715436e-03,1.251266579889e-02
1.637997549355e-02,2.422654647993e-02,4.860307051584e-01,5.291323441787e-02,5.810153283154e-02,4.716634921517e-04,2.829980952910e-03,1.065133023565e-01,2.399263912607e-01,0.000000000000e+00,1.260666755634e-02
1.725068104812e-02,3.145726264253e-02,6.055151371574e-01,5.993911801093e-02,6.932093526579e-02,6.088198907413e-04,4.600495270345e-03,1.742564220890e-01,2.403928941903e-02,4.737879629486e-04,1.253805124317e-02
1.427556798416e-02,3.135844526203e-02,4.768256279616e-01,8.098582485224e-02,2.539138573634e-01,4.645027817664e-04,4.252680462753e-03,9.444739053788e-02,2.778673386161e-02,1.465663772155e-03,1.422370516041e-02
1.811846689895e-02,3.275261324042e-02,6.724738675958e-01,5.993031358885e-02,6.759581881533e-02,6.968641114983e-04,4.181184668990e-03,1.087108013937e-01,2.299651567944e-02,0.000000000000e+00,1.254355400697e-02
1.184710535084e-02,2.660209995159e-02,2.631620664816e-01,7.553455289730e-02,2.121863540854e-01,1.770689692488e-04,5.891288582408e-03,3.572189743388e-01,3.065997258545e-02,2.956327968622e-03,1.376418878877e-02
1.341907799876e-02,3.295913015609e-02,4.264929242195e-01,3.199810943076e-01,8.663725323900e-02,1.014645607982e-03,3.142030964080e-03,8.169280506608e-02,1.757575457082e-02,5.891685367623e-04,1.649611533339e-02
8.082064143452e-03,2.319327168220e-02,8.809478138657e-02,1.025205630123e-01,4.838999430817e-01,0.000000000000e+00,3.330824280082e-03,7.464898598786e-02,1.964896173021e-01,3.330824280082e-03,1.640912484366e-02
1.182636281280e-02,1.625555583563e-02,1.243214552411e-01,5.156722643943e-02,6.459095720217e-02,0.000000000000e+00,4.596610857436e-03,4.240346806187e-01,2.879163809416e-01,2.298305428718e-03,1.259246462237e-02
1.153414930873e-02,2.773709315542e-02,2.762332534084e-01,8.329228865367e-02,2.787363202307e-01,2.034426984317e-04,5.383748956926e-03,2.684950934335e-01,3.109964837385e-02,2.893833244615e-03,1.439112853575e-02
1.671774776956e-02,3.066174904854e-02,5.643937755840e-01,5.994452507019e-02,7.038038094003e-02,5.547492981167e-04,4.858006467719e-03,2.145099506508e-01,2.467968800043e-02,7.647553395094e-04,1.253467183113e-02
1.125000000000e-02,2.250000000000e-02,1.425000000000e-01,6.000000000000e-02,8.125000000000e-02,0.000000000000e+00,7.500000000000e-03,6.275000000000e-01,3.125000000000e-02,3.750000000000e-03,1.250000000000e-02
1.147472061041e-02,2.144683195773e-02,3.363781853785e-01,4.537102568436e-02,1.164211184420e-01,3.005218526167e-04,4.243899410616e-03,2.510923563495e-01,2.008708903183e-02,1.837069107771e-01,9.477340505294e-03
1.517759944550e-02,3.168569388521e-02,5.227495180818e-01,7.604353154312e-02,2.101800157214e-01,5.190442189638e-04,4.235898482077e-03,9.779539568277e-02,2.666234115631e-02,1.121633168294e-03,1.382932861453e-02
1.564056422777e-02,2.905382891070e-02,4.812778290197e-01,5.995545400910e-02,7.252176990864e-02,4.454599089689e-04,5.378497183536e-03,2.958718025192e-01,2.597408420315e-02,1.352868864861e-03,1.252784124431e-02
1.250298739918e-02,2.958316851634e-02,3.233692037893e-01,2.476743781346e-01,8.576068734348e-02,7.007013964973e-04,4.505276128859e-03,2.571269302229e-01,2.175491148155e-02,1.639084003969e-03,1.538267158336e-02
1.261439060601e-01,3.306278358735e-02,5.642804194968e-01,6.155009206726e-02,6.165950300882e-02,5.719343884295e-04,3.431606330577e-03,1.139492339196e-01,1.887383481817e-02,0.000000000000e+00,1.647668632289e-02
1.276747578999e-02,2.644204543528e-02,3.197607448087e-01,2.774973815701e-01,7.669315489795e-02,7.978974493143e-04,2.262311218601e-03,8.387981494657e-02,1.834145837789e-01,5.050146954570e-04,1.597957540916e-02
1.009641432960e-02,2.984228719200e-02,2.640581121344e-01,1.038836992945e-01,4.565347768758e-01,2.118097700951e-04,4.330432158652e-03,7.893592720606e-02,3.299609748683e-02,3.059573538081e-03,1.605087001404e-02
8.381027332713e-03,2.921996074662e-02,1.767249676326e-01,1.132824243285e-01,5.397031213200e-01,1.080886958650e-04,4.362346335338e-03,7.256904895717e-02,3.513434732480e-02,3.713814160148e-03,1.680085316616e-02
9.898800732708e-03,2.426174063759e-02,1.260225434484e-01,7.830297060592e-02,2.394280027212e-01,0.000000000000e+00,6.599200488472e-03,4.645509485385e-01,3.302369815323e-02,3.937334411689e-03,1.397476026224e-02
1.587370849866e-02,2.940184515272e-02,4.992673414925e-01,5.995308856311e-02,7.205829033399e-02,4.691143689189e-04,5.265842818024e-03,2.782619441287e-01,2.569392669312e-02,1.225578302255e-03,1.252931964806e-02
1.633528256095e-02,3.009084029706e-02,5.348825951688e-01,5.994840550350e-02,7.114070334269e-02,5.159449649661e-04,5.042812104349e-03,2.433983215189e-01,2.513927682118e-02,9.735711572759e-04,1.253224656031e-02
1.811846689895e-02,3.275261324042e-02,6.724738675958e-01,5.993031358885e-02,6.759581881533e-02,6.968641114983e-04,4.181184668990e-03,1.087108013937e-01,2.299651567944e-02,0.000000000000e+00,1.254355400697e-02
1.681742682477e-02,2.637193485678e-02,5.329448338972e-01,5.467892081416e-02,6.049055128147e-02,5.283300424824e-04,3.169980254894e-03,1.070662523891e-01,1.853409831543e-01,0.000000000000e+00,1.259078648491e-02
1.020085336694e-02,2.988017670322e-02,2.693752735429e-01,1.033114705224e-01,4.514711837347e-01,2.181246886326e-04,4.328489106794e-03,7.932356605166e-02,3.286591301237e-02,3.019740974999e-03,1.600520829538e-02
1.811846689895e-02,3.275261324042e-02,6.724738675958e-01,5.993031358885e-02,6.759581881533e-02,6.968641114983e-04,4.181184668990e-03,1.087108013937e-01,2.299651567944e-02,0.000000000000e+00,1.254355400697e-02
1.811846689895e-02,3.275261324042e-02,6.724738675958e-01,5.993031358885e-02,6.759581881533e-02,6.968641114983e-04,4.181184668990e-03,1.087108013937e-01,2.299651567944e-02,0.000000000000e+00,1.254355400697e-02
1.311680008259e-02,2.937455200132e-02,3.525645514761e-01,2.071677294568e-01,8.302961090089e-02,6.392078543214e-04,4.724260901254e-03,2.702638639185e-01,2.274134052851e-02,1.611847354879e-03,1.476623552480e-02
1.626205095159e-02,2.998152691188e-02,5.292320126133e-01,5.994914850017e-02,7.128628425287e-02,5.085149982588e-04,5.078197320793e-03,2.489296531088e-01,2.522727548937e-02,1.013553665620e-03,1.253178218739e-02
1.159353471776e-02,2.591947862742e-01,4.524601040778e-01,6.604985057536e-02,7.095480757133e-02,4.459051814522e-04,8.215832082806e-03,8.618241128883e-02,2.579567297611e-02,0.000000000000e+00,1.910709525433e-02
1.811846689895e-02,3.275261324042e-02,6.724738675958e-01,5.993031358885e-02,6.759581881533e-02,6.968641114983e-04,4.181184668990e-03,1.087108013937e-01,2.299651567944e-02,0.000000000000e+00,1.254355400697e-02
7.952436038616e-03,2.817316417906e-02,8.916450645498e-02,3.095343896084e-01,2.706233680662e-01,5.189206438270e-04,4.436756286032e-03,2.431221820249e-01,2.563252857665e-02,3.192610334680e-03,1.764913778658e-02
1.811846689895e-02,3.275261324042e-02,6.724738675958e-01,5.993031358885e-02,6.759581881533e-02,6.968641114983e-04,4.181184668990e-03,1.087108013937e-01,2.299651567944e-02,0.000000000000e+00,1.254355400697e-02
7.810282776628e-03,3.904892989058e-01,3.248928781220e-01,6.959804840180e-02,7.290239880730e-02,3.003954914088e-04,1.055518017658e-02,7.312011834416e-02,2.741866567275e-02,0.000000000000e+00,2.291273330162e-02
1.337498010875e-02,2.567197411288e-02,3.064643814796e-01,5.997844027791e-02,7.702564195248e-02,2.155972209261e-04,6.473218235339e-03,4.669959539163e-01,2.869652041466e-02,2.589817454891e-03,1.251347482631e-02
9.717043127339e-03,2.437341591095e-01,2.924758698231e-01,6.574442474354e-02,7.520040857979e-02,2.334865266430e-04,9.075278476458e-03,2.555419119235e-01,2.832078675132e-02,1.215464478207e-03,1.874116646064e-02
1.811846689895e-02,3.275261324042e-02,6.724738675958e-01,5.993031358885e-02,6.759581881533e-02,6.968641114983e-04,4.181184668990e-03,1.087108013937e-01,2.299651567944e-02,0.000000000000e+00,1.254355400697e-02
9.863800328755e-03,3.311536855099e-02,2.403983970788e-01,5.167200221536e-01,1.010428681070e-01,1.255060155997e-03,2.355869179808e-03,6.125259867500e-02,1.347472966456e-02,1.034898351235e-03,1.948638775424e-02
1.182621456204e-02,2.875287572722e-02,2.740550448560e-01,2.541596452981e-01,8.734775238074e-02,6.518351753403e-04,4.749818982508e-03,2.987274885013e-01,2.229238302498e-02,1.959334422044e-03,1.547760706966e-02
2.227188786829e-01,3.351687448912e-02,2.661051584665e-01,2.720290157893e-01,7.144640751582e-02,7.112456645504e-04,1.900224188118e-03,9.710413789574e-02,1.068795801457e-02,4.734499598369e-04,2.330664933357e-02
1.173635091271e-02,1.723076497785e-02,1.271604401971e-01,5.288419199378e-02,6.719263805789e-02,0.000000000000e+00,5.050039787332e-03,4.558103253938e-01,2.478322045753e-01,2.525019893666e-03,1.257802421059e-02
1.811846689895e-02,3.275261324042e-02,6.724738675958e-01,5.993031358885e-02,6.759581881533e-02,6.968641114983e-04,4.181184668990e-03,1.087108013937e-01,2.299651567944e-02,0.000000000000e+00,1.254355400697e-02
1.418030318399e-02,3.132388407871e-02,4.719755419030e-01,8.150778733872e-02,2.585326493490e-01,4.587425845472e-04,4.254452831128e-03,9.409380304704e-02,2.790548254274e-02,1.501997323845e-03,1.426535581723e-02
1.592931524469e-02,2.948484976919e-02,5.035579819942e-01,5.995252438560e-02,7.194774680272e-02,4.747561440399e-04,5.238973864010e-03,2.740618541177e-01,2.562710691903e-02,1.195218499885e-03,1.252967225900e-02
1.065061787073e-02,2.919179064389e-01,4.206659522861e-01,6.693418383130e-02,7.144021446892e-02,4.096391488742e-04,8.798878298869e-03,8.292683744124e-02,2.620017872410e-02,0.000000000000e+00,2.005559149098e-02
1.811846689895e-02,3.275261324042e-02,6.724738675958e-01,5.993031358885e-02,6.759581881533e-02,6.968641114983e-04,4.181184668990e-03,1.087108013937e-01,2.299651567944e-02,0.000000000000e+00,1.254355400697e-02
1.811846689895e-02,3.275261324042e-02,6.724738675958e-01,5.993031358885e-02,6.759581881533e-02,6.968641114983e-04,4.181184668990e-03,1.087108013937e-01,2.299651567944e-02,0.000000000000e+00,1.254355400697e-02
1.356483378027e-02,2.595537014505e-02,3.211135726382e-01,5.997651405169e-02,7.664822200308e-02,2.348594830963e-04,6.381481711754e-03,4.526559220655e-01,2.846838299708e-02,2.486162406588e-03,1.251467871769e-02
1.672054041893e-02,3.066591765768e-02,5.646092576132e-01,5.994449673640e-02,7.037482928767e-02,5.550326360359e-04,4.856657070879e-03,2.142990161951e-01,2.467633221695e-02,7.632306273320e-04,1.253468953975e-02
1.811846689895e-02,3.275261324042e-02,6.724738675958e-01,5.993031358885e-02,6.759581881533e-02,6.968641114983e-04,4.181184668990e-03,1.087108013937e-01,2.299651567944e-02,0.000000000000e+00,1.254355400697e-02
1.181019379735e-02,2.893254633447e-02,2.761068128439e-01,2.614898573376e-01,8.765304444029e-02,6.726104998548e-04,4.664247496938e-03,2.891689430970e-01,2.199960983393e-02,1.912357477149e-03,1.558977684154e-02
1.403607727922e-02,2.665879893170e-02,3.574749242171e-01,5.997173288747e-02,7.571141263769e-02,2.826711253492e-04,6.153778765525e-03,4.170619473447e-01,2.790211385915e-02,2.228876006715e-03,1.251766694533e-02
1.735394507242e-02,2.900317616377e-02,5.904833172555e-01,5.684447136493e-02,6.342059606797e-02,5.978295184576e-04,3.586977110746e-03,1.077444256196e-01,1.183939529018e-01,0.000000000000e+00,1.257130892476e-02
1.144114272846e-02,2.678417274974e-02,2.501449440358e-01,7.935295202966e-02,2.454216864803e-01,1.644712808369e-04,5.763420636153e-03,3.326139679996e-01,3.117908652220e-02,3.063188432282e-03,1.407096710496e-02
6.448553268730e-03,1.070954526934e-02,1.468332756282e-01,1.376670201247e-01,1.989921070455e-01,0.000000000000e+00,8.903117870342e-02,5.549378369852e-02,2.560903396655e-01,8.903117870342e-02,9.703017892631e-03
1.708680127802e-02,3.237833455003e-02,6.199500913783e-01,6.558288150263e-02,1.176148068741e-01,6.344843297673e-04,4.200378447984e-03,1.048816424844e-01,2.428249887205e-02,3.934724693801e-04,1.299460781333e-02
1.811846689895e-02,3.275261324042e-02,6.724738675958e-01,5.993031358885e-02,6.759581881533e-02,6.968641114983e-04,4.181184668990e-03,1.087108013937e-01,2.299651567944e-02,0.000000000000e+00,1.254355400697e-02
1.494853149721e-02,3.289191758316e-02,5.065493788755e-01,2.353454991712e-01,8.044006694237e-02,9.112210921859e-04,3.480231803201e-03,9.048602688323e-02,1.933998439260e-02,3.974189499828e-04,1.520972280940e-02
1.085021176322e-02,3.018938561732e-02,2.454751819809e-01,3.583459318961e-01,9.317424285468e-02,8.711763844516e-04,3.895238228553e-03,2.194007110381e-01,1.903062976050e-02,1.700245437025e-03,1.706704503917e-02
9.890054711585e-03,2.532081048910e-02,1.159076031162e-01,2.346666434599e-01,9.046883610390e-02,3.957643618524e-04,5.933762537969e-03,4.736357208099e-01,2.544957857160e-02,3.164763449911e-03,1.516646238798e-02
7.615225431257e-03,2.289676220843e-01,1.163420496848e-01,6.546769507777e-02,7.985200978125e-02,0.000000000000e+00,1.004744884305e-02,4.396722474990e-01,3.109466775347e-02,2.538408477086e-03,1.840262536804e-02
1.334643249763e-02,2.562936087471e-02,3.042616354957e-01,5.997872991759e-02,7.708239322760e-02,2.127008241096e-04,6.487012325178e-03,4.691522127313e-01,2.873082461445e-02,2.605403690260e-03,1.251329380151e-02
1.172575370614e-02,2.822785930530e-02,2.957741824597e-01,8.428139034581e-02,2.867811050918e-01,2.303111561014e-04,5.206976034947e-03,2.396627653181e-01,3.087753699020e-02,2.759398502529e-03,1.447272108940e-02
1.225051345580e-02,2.802917871788e-02,3.134524391537e-01,7.952310841492e-02,2.453291490422e-01,2.479257847626e-04,5.357183409888e-03,2.688960399185e-01,3.020797043752e-02,2.615925883527e-03,1.409056578131e-02
9.398238105835e-03,3.113849507658e-02,1.837720683420e-01,4.705691920108e-01,1.002465752807e-01,1.066772702345e-03,3.168394232093e-03,1.642248967192e-01,1.599891506006e-02,1.639962604707e-03,1.877648986569e-02
1.456115426084e-02,3.290894106297e-02,4.862728237599e-01,2.567818507670e-01,8.200967916221e-02,9.374162678759e-04,3.394572901817e-03,8.825889544723e-02,1.889314343053e-02,4.459849410878e-04,1.553553799850e-02
1.540573705865e-02,2.870330059357e-02,4.631584633928e-01,5.995783652953e-02,7.298859500389e-02,4.216347047456e-04,5.491964718649e-03,3.136087736183e-01,2.625626396567e-02,1.481078245088e-03,1.252635216905e-02
1.416925544821e-02,3.292616324564e-02,4.657595949794e-01,2.784684134991e-01,8.359761233817e-02,9.639172010381e-04,3.307914165598e-03,8.600576830554e-02,1.844108681485e-02,4.951178081262e-04,1.586515619431e-02
1.022746170730e-02,1.923662401578e-02,1.089367564974e-01,7.332757295500e-02,2.434742965798e-01,0.000000000000e+00,4.067166590129e-03,2.757586062487e-01,2.480078444631e-01,2.743835914256e-03,1.421983502854e-02
7.629642727938e-03,2.808059083256e-02,9.013302263464e-02,2.373338951730e-01,3.819151135130e-01,3.249636483008e-04,4.544822404791e-03,1.992254521587e-01,2.977382060433e-02,3.616580783756e-03,1.742209551897e-02
1.811846689895e-02,3.275261324042e-02,6.724738675958e-01,5.993031358885e-02,6.759581881533e-02,6.968641114983e-04,4.181184668990e-03,1.087108013937e-01,2.299651567944e-02,0.000000000000e+00,1.254355400697e-02
1.811846689895e-02,3.275261324042e-02,6.724738675958e-01,5.993031358885e-02,6.759581881533e-02,6.968641114983e-04,4.181184668990e-03,1.087108013937e-01,2.299651567944e-02,0.000000000000e+00,1.254355400697e-02
1.811846689895e-02,3.275261324042e-02,6.724738675958e-01,5.993031358885e-02,6.759581881533e-02,6.968641114983e-04,4.181184668990e-03,1.087108013937e-01,2.299651567944e-02,0.000000000000e+00,1.254355400697e-02
1.518318898398e-02,2.837110137494e-02,4.459865579889e-01,5.996009446814e-02,7.343100985113e-02,3.990553186028e-04,5.599499045154e-03,3.304182798747e-01,2.652368857030e-02,1.602583566769e-03,1.252494095741e-02
1.349109598034e-02,2.584530116533e-02,3.154239322003e-01,5.997726218409e-02,7.679480919571e-02,2.273781590708e-04,6.417111517426e-03,4.582254872528e-01,2.855698992851e-02,2.526421281500e-03,1.251421113494e-02
7.338627958699e-03,2.839566177531e-02,8.719905481426e-02,2.316768494224e-01,4.251970562397e-01,3.006495426498e-04,4.391336068050e-03,1.635073439981e-01,3.062185867274e-02,3.704465985466e-03,1.766709552262e-02
1.811846689895e-02,3.275261324042e-02,6.724738675958e-01,5.993031358885e-02,6.759581881533e-02,6.968641114983e-04,4.181184668990e-03,1.087108013937e-01,2.299651567944e-02,0.000000000000e+00,1.254355400697e-02
1.811846689895e-02,3.275261324042e-02,6.724738675958e-01,5.993031358885e-02,6.759581881533e-02,6.968641114983e-04,4.181184668990e-03,1.087108013937e-01,2.299651567944e-02,0.000000000000e+00,1.254355400697e-02
1.368729037728e-02,2.613816204700e-02,3.305623764666e-01,5.997527162585e-02,7.640478418975e-02,2.472837415120e-04,6.322311181049e-03,4.434065275846e-01,2.832123318647e-02,2.419304365989e-03,1.251545523384e-02
1.501075926590e-02,2.811371421175e-02,4.326818065905e-01,5.996184391360e-02,7.377379182080e-02,3.815608640101e-04,5.682816385152e-03,3.434422452769e-01,2.673088851688e-02,1.696725600546e-03,1.252384755400e-02
1.571931767870e-02,2.917138479116e-02,4.873544792517e-01,5.995465498868e-02,7.236521184354e-02,4.534501132482e-04,5.340443835656e-03,2.899233950660e-01,2.587945022122e-02,1.309871578083e-03,1.252834063208e-02
1.575089387669e-02,3.285665738075e-02,5.485475746463e-01,1.909450531485e-01,7.718897813969e-02,8.569638423417e-04,3.657654412188e-03,9.509901471688e-02,2.026551213122e-02,2.968257283726e-04,1.453487197703e-02
1.477530373743e-02,2.776224793780e-02,4.145139564857e-01,5.996423280926e-02,7.424186606415e-02,3.576719074120e-04,5.796587540950e-03,3.612266776283e-01,2.701382334659e-02,1.825278048239e-03,1.252235449421e-02
7.178434170526e-03,2.769018887756e-01,2.307701594410e-01,2.828820968299e-01,8.705711039627e-02,6.908608155392e-04,7.663707740414e-03,6.195928354512e-02,2.150244262672e-02,4.901794106134e-04,2.290383624836e-02
2.193682312318e-01,2.834774388161e-02,2.095007445543e-01,6.303201730923e-02,6.300140724596e-02,1.209293767520e-04,4.377558540523e-03,3.712466322045e-01,1.920726226619e-02,1.825991140005e-03,1.997148224912e-02
1.561017758999e-02,2.900847054334e-02,4.789331829458e-01,5.995576230727e-02,7.258217708013e-02,4.423769273297e-04,5.393179883592e-03,2.981669667378e-01,2.601059826694e-02,1.369459159807e-03,1.252764855796e-02
1.423634745843e-02,3.292321485483e-02,4.692714039225e-01,2.747557329766e-01,8.332576249980e-02,9.593803133996e-04,3.322749905408e-03,8.639149754060e-02,1.851847767724e-02,4.867063949980e-04,1.580872645620e-02
1.559560585319e-02,3.286348158796e-02,5.404193061998e-01,1.995382495417e-01,7.781818903904e-02,8.674647099102e-04,3.623316303898e-03,9.420622390136e-02,2.008638686700e-02,3.162943911125e-04,1.466548160505e-02
1.618895175429e-02,2.987241117919e-02,5.235916470291e-01,5.994989015341e-02,7.143160193425e-02,5.010984658755e-04,5.113518556268e-03,2.544509833482e-01,2.531511504479e-02,1.053463880508e-03,1.253131865412e-02
1.580419973214e-02,2.929808888361e-02,4.939040150960e-01,5.995379378839e-02,7.219647041201e-02,4.620621161335e-04,5.299429171914e-03,2.835120818679e-01,2.577745181204e-02,1.263528237556e-03,1.252887888226e-02
2.550125082583e-01,3.063370969319e-02,2.883613865851e-01,6.352963491390e-02,5.820949413510e-02,2.301078724483e-04,3.432186488242e-03,2.621983666923e-01,1.614164001393e-02,1.025769626776e-03,2.122519572078e-02
1.705983976236e-02,2.756079830649e-02,5.589422213791e-01,5.565737303421e-02,6.181442193651e-02,5.597317183914e-04,3.358390310349e-03,1.073726687425e-01,1.550925687949e-01,0.000000000000e+00,1.258198601523e-02
1.593506678442e-02,2.949343513667e-02,5.040017732795e-01,5.995246603136e-02,7.193631301892e-02,4.753396864345e-04,5.236194743356e-03,2.736274286878e-01,2.562019558879e-02,1.192078312375e-03,1.252970873040e-02
1.368102484270e-02,2.612880943546e-02,3.300789251171e-01,5.997533519500e-02,7.641723977053e-02,2.466480499888e-04,6.325338661928e-03,4.438797760852e-01,2.832876215795e-02,2.422725180998e-03,1.251541550312e-02
1.363138983309e-02,1.884727729523e-01,5.211744080701e-01,6.413860776009e-02,6.990573422794e-02,5.242842243495e-04,6.955738239304e-03,9.321843767814e-02,2.492144518995e-02,0.000000000000e+00,1.705718182471e-02
1.521421787407e-02,2.841741843726e-02,4.483807605281e-01,5.995977965378e-02,7.336932591299e-02,4.022034621760e-04,5.584506011387e-03,3.280746050398e-01,2.648640274485e-02,1.585642619166e-03,1.252513771639e-02
1.170441997058e-02,2.795969345491e-02,2.886381555814e-01,8.313778772477e-02,2.770989795593e-01,2.195729567863e-04,5.314453136811e-03,2.578478627965e-01,3.089378961669e-02,2.805467454857e-03,1.437981774742e-02
1.811846689895e-02,3.275261324042e-02,6.724738675958e-01,5.993031358885e-02,6.759581881533e-02,6.968641114983e-04,4.181184668990e-03,1.087108013937e-01,2.299651567944e-02,0.000000000000e+00,1.254355400697e-02
3.124760059676e-01,2.302537180823e-02,9.053037120666e-02,5.714847988614e-02,4.379968344893e-02,0.000000000000e+00,1.294151494426e-03,2.103773108426e-01,2.372743547957e-01,6.470757472131e-04,2.342719480254e-02
1.811846689895e-02,3.275261324042e-02,6.724738675958e-01,5.993031358885e-02,6.759581881533e-02,6.968641114983e-04,4.181184668990e-03,1.087108013937e-01,2.299651567944e-02,0.000000000000e+00,1.254355400697e-02
1.346124779468e-02,1.943774064155e-01,5.154373997513e-01,6.429817884345e-02,6.999332214120e-02,5.177402997952e-04,7.060944410984e-03,9.263099460470e-02,2.499443511767e-02,0.000000000000e+00,1.722833062074e-02
6.789403312617e-03,3.094524912759e-01,2.278885387537e-01,2.533485229737e-01,8.531335052641e-02,6.175934934184e-04,8.365643315463e-03,6.187832456676e-02,2.253909236651e-02,4.212739780119e-04,2.338576543752e-02
1.626131347413e-02,2.364459347379e-02,4.733048889171e-01,5.243427847809e-02,5.745349330468e-02,4.562922569625e-04,2.737753541775e-03,1.063633104310e-01,2.547331007041e-01,0.000000000000e+00,1.261097541843e-02
1.137180327738e-02,2.982482395954e-02,2.672593836229e-01,3.171818375136e-01,9.060193708962e-02,7.983141983397e-04,4.167165191415e-03,2.404705287920e-01,2.015590214157e-02,1.728364178985e-03,1.643994003458e-02
1.588925345201e-02,2.942504922387e-02,5.004667967965e-01,5.995293084640e-02,7.202738771587e-02,4.706915360320e-04,5.258331559648e-03,2.770878023568e-01,2.567524712012e-02,1.217091171728e-03,1.252941822100e-02
1.274410987416e-02,3.012757206652e-02,3.449536773097e-01,2.543140453395e-01,8.552912795654e-02,7.454637346882e-04,4.304211602930e-03,2.291564871336e-01,2.118242640997e-02,1.456943464280e-03,1.548593510811e-02
1.325588288469e-02,1.869051404354e-02,2.372790036585e-01,5.190985803091e-02,6.240659619010e-02,1.475151782800e-04,4.017116198424e-03,3.228380747003e-01,2.752916609043e-01,1.566012564372e-03,1.259776564657e-02
1.251073249799e-02,3.071817936472e-02,3.869749803727e-01,9.065548160903e-02,3.394796485626e-01,3.577917988817e-04,4.285514611333e-03,8.789697789619e-02,2.998662181646e-02,2.138763818043e-03,1.499530765204e-02
8.165221234339e-03,2.652204193045e-02,1.048820784152e-01,1.017855577933e-01,4.423693077146e-01,0.000000000000e+00,5.443480822893e-03,2.554884203606e-01,3.529934085758e-02,4.177683191699e-03,1.586686767933e-02
1.811846689895e-02,3.275261324042e-02,6.724738675958e-01,5.993031358885e-02,6.759581881533e-02,6.968641114983e-04,4.181184668990e-03,1.087108013937e-01,2.299651567944e-02,0.000000000000e+00,1.254355400697e-02
1.811846689895e-02,3.275261324042e-02,6.724738675958e-01,5.993031358885e-02,6.759581881533e-02,6.968641114983e-04,4.181184668990e-03,1.087108013937e-01,2.299651567944e-02,0.000000000000e+00,1.254355400697e-02
5.678946898418e-03,1.060123493503e-02,3.250769325208e-01,1.792646186233e-01,2.727705448639e-02,1.513317723619e-04,1.590179130216e-01,1.209020953927e-01,9.839284090745e-03,1.575284821151e-01,4.662106143635e-03
1.210901139422e-02,2.765292515624e-02,2.987002560953e-01,7.872576913756e-02,2.388194130971e-01,2.275818347827e-04,5.493413468608e-03,2.911580713155e-01,3.037145365864e-02,2.717220021630e-03,1.402488482042e-02
2.166530693241e-01,3.332265995340e-02,4.736304898678e-01,6.290722420106e-02,5.668575811419e-02,4.672619632159e-04,2.803571779295e-03,1.183382569907e-01,1.541964478612e-02,0.000000000000e+00,1.977206302013e-02
1.377218512500e-02,2.626488508831e-02,3.371128918077e-01,5.997441029677e-02,7.623601752258e-02,2.558970323403e-04,6.281290383479e-03,4.369942555614e-01,2.821921952322e-02,2.372954094719e-03,1.251599356452e-02
1.338770055271e-02,2.569096201717e-02,3.074458964201e-01,5.997831121824e-02,7.700035432293e-02,2.168878176494e-04,6.467071768445e-03,4.660351530532e-01,2.868123490972e-02,2.582872431274e-03,1.251355548860e-02
1.811846689895e-02,3.275261324042e-02,6.724738675958e-01,5.993031358885e-02,6.759581881533e-02,6.968641114983e-04,4.181184668990e-03,1.087108013937e-01,2.299651567944e-02,0.000000000000e+00,1.254355400697e-02
9.231016325245e-03,2.412284612661e-01,3.190886092931e-01,2.251460292609e-01,8.237156015607e-02,6.609698611380e-04,7.255761343585e-03,7.140235180419e-02,2.224546244862e-02,3.615545483792e-04,2.100822369265e-02
1.655154185541e-02,2.506795774633e-02,5.044302065727e-01,5.360572834708e-02,5.903849467075e-02,4.938878476067e-04,2.963327085640e-03,1.067301667677e-01,2.185182500322e-01,0.000000000000e+00,1.260043907456e-02
1.811846689895e-02,3.275261324042e-02,6.724738675958e-01,5.993031358885e-02,6.759581881533e-02,6.968641114983e-04,4.181184668990e-03,1.087108013937e-01,2.299651567944e-02,0.000000000000e+00,1.254355400697e-02
1.580957163131e-02,2.930610755872e-02,4.943185131522e-01,5.995373928592e-02,7.218579133535e-02,4.626071407796e-04,5.296833492037e-03,2.831063314573e-01,2.577099667639e-02,1.260595323680e-03,1.252891294630e-02
