2.152704721056e-02,5.081019813613e-01,2.336556844967e-01,4.618812429735e-02,4.836797964851e-02,4.359710702309e-04,8.801653789240e-03,4.820351487927e-02,4.602365952811e-02,9.673595929702e-03,2.902078778911e-02
9.937298507230e-03,2.711945201459e-01,6.192503401055e-02,6.923245787062e-02,4.904963341275e-02,2.682375124541e-04,2.253052821916e-01,2.885429840846e-02,1.753119802084e-01,7.302777297593e-02,3.589348475607e-02
3.496503496503e-03,3.496503496503e-02,1.398601398601e-02,4.195804195804e-02,3.146853146853e-02,0.000000000000e+00,1.048951048951e-02,1.398601398601e-02,6.993006993007e-03,2.447552447552e-02,8.181818181818e-01
3.496503496503e-03,3.496503496503e-02,1.398601398601e-02,4.195804195804e-02,3.146853146853e-02,0.000000000000e+00,1.048951048951e-02,1.398601398601e-02,6.993006993007e-03,2.447552447552e-02,8.181818181818e-01
2.155206231703e-02,4.887226857314e-01,2.516804584356e-01,4.548862780165e-02,4.788620722763e-02,4.795158851951e-04,8.618209675135e-03,4.983042328516e-02,4.743284385919e-02,9.577241445526e-03,2.873172433658e-02
1.726425564566e-02,3.358635440891e-02,2.788549231321e-01,4.464411431693e-02,2.436251324335e-01,5.071529175100e-04,9.004455935672e-03,2.602725475744e-01,7.729771289818e-02,9.412330962537e-03,2.553101977465e-02
2.034738147716e-02,4.099121073290e-02,5.499105810540e-01,3.044248046923e-02,3.788746866155e-02,1.400660611807e-03,4.643666968710e-03,8.506824432969e-02,1.997491954923e-01,8.770043592196e-03,2.078906661045e-02
1.107014682164e-02,1.976650162566e-02,5.030076412536e-02,2.428576557176e-01,5.195562420320e-01,1.186896008804e-03,1.225704283044e-02,5.386145215177e-02,5.386145215177e-02,1.245108420164e-02,2.283076233327e-02
1.788980489789e-02,3.306103143678e-02,2.510341274384e-01,3.027080394704e-02,4.957545218921e-02,7.785293901515e-04,7.970967467621e-03,2.887546300286e-01,2.878143933597e-01,9.325075649498e-03,2.352518419506e-02
1.071235071758e-02,2.621856816243e-02,1.377172760688e-01,6.678738024700e-02,4.732464985580e-01,2.120234712165e-04,9.313529876994e-03,5.481609882316e-02,5.261052065306e-02,1.550813256862e-02,1.528576208531e-01
1.273623136738e-02,2.709854084767e-02,4.318688861359e-02,3.537718045660e-01,6.336004873289e-02,2.177682422972e-03,1.493481406287e-02,1.959864142280e-01,4.733989886248e-02,1.021291989963e-02,2.291947563965e-01
2.039959261142e-01,4.776823583463e-02,2.505242294741e-01,8.822265224623e-02,3.747350852146e-02,7.697470297698e-04,2.987813394318e-03,1.044236736126e-01,2.460642701097e-01,6.563024368884e-03,1.120691929404e-02
1.681354084305e-02,3.065265131906e-02,2.288783064411e-01,3.133147417211e-02,4.678751995826e-02,9.053636176903e-04,7.103009176020e-03,2.192945406728e-01,3.864076846595e-01,1.062544997444e-02,2.120045916600e-02
1.440455184883e-02,2.586738682322e-02,8.311472035897e-02,4.620962302773e-02,2.488074407191e-01,3.349784157189e-04,9.656998121451e-03,2.763786639417e-01,2.598523790842e-01,1.152246883393e-02,2.385078882517e-02
1.408450704225e-02,1.877934272300e-02,2.816901408451e-02,7.230046948357e-01,7.981220657277e-02,4.694835680751e-03,1.877934272300e-02,4.225352112676e-02,4.225352112676e-02,4.694835680751e-03,2.347417840376e-02
1.661512362944e-02,3.105084082165e-02,3.108161487236e-01,3.242562737841e-02,4.001842776273e-02,1.244636631374e-03,5.103527121565e-03,8.096645600200e-02,4.520728190057e-01,1.170165206664e-02,1.798474085689e-02
1.445938143056e-02,2.683215904500e-02,7.609915534631e-02,5.412023886870e-02,3.694750323059e-01,0.000000000000e+00,1.132947570637e-02,3.348380285464e-01,7.505585343825e-02,1.073440211117e-02,2.705627320143e-02
1.131906864374e-02,1.968498336813e-02,4.847315390515e-02,2.825075539080e-01,4.832427696678e-01,1.476576959677e-03,1.279564560342e-02,5.290288478418e-02,5.290288478418e-02,1.181058360674e-02,2.288389476899e-02
1.290426138266e-02,2.045081486710e-02,6.260781311315e-02,2.988962296515e-01,1.837883653312e-01,2.209349718974e-03,1.135757726055e-02,6.031528189751e-02,3.166645915512e-01,1.091941171238e-02,1.988630351376e-02
1.903290677906e-02,3.749028307162e-02,4.657032206362e-01,3.114093072136e-02,3.863797731757e-02,1.345710074372e-03,4.805626447464e-03,8.362362362187e-02,2.886157830578e-01,9.802535269252e-03,1.980140300341e-02
1.529604689374e-02,2.416464649955e-02,1.528163754053e-01,4.534063720987e-01,6.415587526838e-02,3.357857119465e-03,1.341513180265e-02,5.760638655203e-02,1.870278198024e-01,7.253074626263e-03,2.150041393150e-02
1.740013995761e-02,2.894189239039e-02,7.355679393186e-02,2.487007106580e-01,6.989226419188e-02,1.493767317352e-03,1.458762793977e-02,4.340238542591e-01,7.660266943886e-02,5.800046652535e-03,2.900023326268e-02
1.828126048823e-02,2.495029511089e-01,1.813067538537e-01,3.447432948744e-01,6.127266635782e-02,2.417707314039e-03,1.283076532817e-02,4.906332542169e-02,4.738180170666e-02,7.259167101084e-03,2.594030644532e-02
1.976097031304e-02,3.883473764509e-02,4.516064113070e-01,3.011959108190e-02,4.263882486314e-02,1.153106063041e-03,6.014710133002e-03,1.730513297241e-01,2.058639036859e-01,8.640052926949e-03,2.231636225691e-02
9.257222712965e-03,2.615872620933e-02,2.170269833179e-02,4.125017921170e-01,5.777135021656e-02,2.554365420012e-03,1.499984103883e-02,2.936579459182e-02,2.617754168597e-02,1.371325059051e-02,3.857974170852e-01
6.644664142785e-03,3.080238391255e-02,4.012347442696e-02,3.945795872113e-02,3.485099702435e-02,3.564425751530e-04,8.884272598612e-03,3.442039322451e-02,2.243033327762e-01,2.120522616363e-02,5.589508544342e-01
1.701214139179e-02,3.058174573207e-02,3.029874629630e-01,2.224177080914e-01,5.037461771390e-02,2.242554311804e-03,8.742579510786e-03,7.148695390077e-02,2.649239395049e-01,8.907639062654e-03,2.032265781690e-02
1.901235833552e-01,4.999007162984e-02,2.437047080539e-01,8.121601836650e-02,4.605683463726e-02,4.106867993276e-04,5.708653675043e-03,2.934798904138e-01,6.766603725139e-02,4.291730635168e-03,1.735178518256e-02
1.436624449699e-02,2.435768439566e-02,9.488618599847e-02,3.286987671857e-02,4.652796649216e-02,8.867293659050e-04,6.917308233610e-03,1.833565208462e-01,5.644388063608e-01,1.276931245881e-02,1.862336463288e-02
2.010339180808e-02,2.099275155360e-01,3.630186457074e-01,1.909827690769e-01,5.072332601585e-02,1.813633360337e-03,9.251565987024e-03,6.270141300099e-02,5.889126063109e-02,7.620818275911e-03,2.496566060045e-02
1.843299684928e-02,3.589250315965e-02,4.272720269830e-01,3.145969474345e-02,3.898050014876e-02,1.320631331433e-03,4.879542742442e-03,8.296431666935e-02,3.291733901255e-01,1.027375164974e-02,1.935064559743e-02
1.980474574506e-02,2.185644837203e-01,3.639656145232e-01,3.704798939084e-02,4.250098698973e-02,9.867310237106e-04,6.370932606424e-03,6.974770520564e-02,2.078929034199e-01,9.902422094856e-03,2.321548528036e-02
8.506216315146e-03,2.670365693082e-02,4.470526756900e-02,3.129075298897e-02,2.339664464499e-01,0.000000000000e+00,1.757440709818e-02,2.320294539143e-01,5.501952538702e-02,3.124616299335e-01,3.774264341326e-02
1.754198340896e-02,2.937664833477e-02,7.549849239700e-02,2.284098896224e-01,6.946788703662e-02,1.356824960865e-03,1.440830552770e-02,4.507838688949e-01,7.807213299889e-02,5.847327802986e-03,2.923663901493e-02
1.619342204911e-02,2.992769502849e-02,2.838012681670e-01,3.264969983529e-02,4.025920127229e-02,1.227007742427e-03,5.155485952145e-03,8.050300178995e-02,4.805824437778e-01,1.203288961159e-02,1.766788477397e-02
1.871961517797e-02,3.547968741296e-02,3.254963911520e-01,3.005242084159e-02,4.755259897642e-02,8.914485070866e-04,7.413184130403e-03,2.585811757240e-01,2.434745970514e-01,8.880427239051e-03,2.345845378712e-02
1.005025125628e-02,2.010050251256e-02,5.778894472362e-02,8.040201005025e-02,6.683417085427e-01,0.000000000000e+00,1.005025125628e-02,5.778894472362e-02,5.778894472362e-02,1.507537688442e-02,2.261306532663e-02
1.978860068377e-02,3.950297277824e-02,5.141141859379e-01,3.073939039575e-02,3.820650852049e-02,1.377301238706e-03,4.712515647324e-03,8.445413870527e-02,2.375262195592e-01,9.208953918355e-03,2.036921261498e-02
7.282968038741e-03,2.637696793358e-02,3.929340300424e-02,6.416926023798e-02,3.994255831106e-01,0.000000000000e+00,1.023572600277e-02,3.929340300424e-02,3.634064504022e-02,1.904453645918e-02,3.585375071685e-01
1.740333323720e-02,3.302120367953e-02,3.637855538607e-01,2.285268810816e-01,1.812413453777e-01,2.039368532376e-03,9.505179933388e-03,6.872030534582e-02,6.489818156267e-02,8.265263399667e-03,2.259338398933e-02
1.459214109150e-02,2.673952760302e-02,2.152849850473e-01,2.614622542244e-01,3.162036058383e-01,1.830259670231e-03,1.115408679960e-02,6.110532551360e-02,5.907905091278e-02,9.808733909149e-03,2.274002939018e-02
1.138110450365e-02,1.966466753097e-02,4.801768009163e-02,2.923890319906e-01,4.741927897776e-01,1.548770738165e-03,1.292987524181e-02,5.266399230612e-02,5.266399230612e-02,1.165095917190e-02,2.289713634142e-02
1.645437822346e-02,3.062271691858e-02,3.005185398331e-01,3.251103995387e-02,4.011020649288e-02,1.237916801421e-03,5.123332936164e-03,8.078979520928e-02,4.629401987412e-01,1.182791413471e-02,1.786396075536e-02
1.239693608222e-02,2.050112349461e-02,6.400930637207e-02,2.393704451259e-01,2.639465816740e-01,1.719193697776e-03,1.069868468286e-02,6.105045535970e-02,2.942910832394e-01,1.193745522540e-02,2.007873504604e-02
6.744620613286e-03,1.232864470831e-02,4.371410372902e-02,3.509727148449e-02,2.280039323133e-01,4.127633474227e-01,4.713576706324e-03,3.907171765596e-02,1.974931423990e-01,8.666185272098e-03,1.140345769553e-02
1.548134627533e-02,2.306071175447e-02,4.729038041536e-02,5.231857069023e-01,7.563304529007e-02,3.346261217922e-03,1.701341995273e-02,2.073020007522e-01,5.672443488895e-02,5.160448758444e-03,2.580224379222e-02
2.104944213549e-02,4.165072058583e-02,4.712607789911e-01,2.877802278099e-02,4.647600249773e-02,9.760361821696e-04,7.200708148475e-03,2.662314153107e-01,8.403835091825e-02,7.016480711831e-03,2.532204173746e-02
2.096529849036e-02,4.133183015357e-02,4.561889495334e-01,2.872159801015e-02,4.722803118542e-02,9.369665522176e-04,7.418099794713e-03,2.802659666561e-01,8.438232816553e-02,6.988432830118e-03,2.557249862842e-02
1.974756376392e-02,3.671681790101e-02,2.380680196493e-01,2.790501343309e-02,5.811146090563e-02,3.715472022124e-04,1.056421209380e-02,4.833753103867e-01,8.936039915863e-02,6.582521254641e-03,2.919713425108e-02
1.219231339329e-02,2.142441591669e-02,8.268669820848e-02,4.943508051053e-02,2.483487753738e-01,7.400527174738e-04,7.011944370974e-03,7.084585472890e-02,4.749146384696e-01,1.458820650257e-02,1.781201980775e-02
1.491521499673e-02,2.547531137883e-02,9.486828964966e-02,3.221061996929e-02,4.877306345035e-02,7.804697948471e-04,7.602067279943e-03,2.353024629014e-01,5.079006612010e-01,1.199596648587e-02,2.017587289213e-02
1.736690765940e-02,3.439663587705e-02,3.298102367566e-01,4.594730080976e-02,2.536612490424e-01,6.412445323093e-04,8.204337310610e-03,2.004081974059e-01,7.538818997511e-02,9.691856309919e-03,2.448384432096e-02
1.713023056353e-02,3.242275928965e-02,3.438147262654e-01,3.215192369397e-02,3.972432380366e-02,1.266170254581e-03,5.040059600534e-03,8.153256362262e-02,4.172484168857e-01,1.129704662007e-02,1.837177940032e-02
2.212389380531e-02,4.572271386431e-02,6.637168141593e-01,2.949852507375e-02,3.687315634218e-02,1.474926253687e-03,4.424778761062e-03,8.702064896755e-02,7.964601769912e-02,7.374631268437e-03,2.212389380531e-02
9.539750408610e-03,2.269523158771e-02,6.567893171644e-02,3.492689466003e-02,1.627615764234e-01,6.367862862900e-04,1.124512232023e-02,7.397897888276e-02,4.093385393658e-01,1.836862198198e-01,2.551196852891e-02
2.212389380531e-02,4.572271386431e-02,6.637168141593e-01,2.949852507375e-02,3.687315634218e-02,1.474926253687e-03,4.424778761062e-03,8.702064896755e-02,7.964601769912e-02,7.374631268437e-03,2.212389380531e-02
1.488658465453e-02,2.521294581698e-02,6.379196367966e-02,2.540021237416e-01,2.448456552677e-01,1.425587510696e-03,1.374859945920e-02,2.799907365765e-01,6.721420197641e-02,8.367816223269e-03,2.651378509343e-02
1.779660652045e-02,3.296813774227e-02,2.609290345929e-01,3.048605837334e-02,4.847501678604e-02,8.328937728061e-04,7.643192783303e-03,2.655017374679e-01,3.028736508988e-01,9.552553076936e-03,2.294111798533e-02
1.324503311258e-02,2.207505518764e-02,9.492273730684e-02,3.421633554084e-02,4.194260485651e-02,1.103752759382e-03,5.518763796909e-03,7.726269315673e-02,6.799116997792e-01,1.434878587196e-02,1.545253863135e-02
1.583526440890e-02,2.639896136685e-01,2.481149925591e-01,4.151690447249e-02,4.064392101160e-02,5.014225055575e-04,8.477977586677e-03,4.487156472343e-02,4.011105486986e-02,1.398761724937e-02,2.819496669446e-01
1.481317803220e-02,2.526757842252e-02,9.487161603807e-02,3.233315580241e-02,4.835576802411e-02,8.002202260412e-04,7.474791343343e-03,2.256472878978e-01,5.184093874710e-01,1.213970804510e-02,1.988730869742e-02
1.971427486734e-02,3.930501590079e-02,5.093527547577e-01,3.077888365135e-02,3.824894537277e-02,1.374194108866e-03,4.721673503694e-03,8.437245389711e-02,2.425511026432e-01,9.267335252719e-03,2.031336604443e-02
2.152050708515e-02,5.131686407349e-01,2.289431608024e-01,4.637100558181e-02,4.849393761926e-02,4.245864074897e-04,8.849614708873e-03,4.777816450110e-02,4.565523246366e-02,9.698787523853e-03,2.909636257156e-02
1.559921215051e-02,3.042560685420e-02,2.990760309091e-01,4.713033189568e-02,2.394614751373e-01,8.932590046897e-04,6.546180545744e-03,7.476749393867e-02,2.539028238716e-01,1.193197677247e-02,2.026560891995e-02
1.576821302582e-02,2.879520762981e-02,2.565616951808e-01,3.287563598298e-02,4.050197738130e-02,1.209232227702e-03,5.207876942914e-03,8.003569286336e-02,5.093291933020e-01,1.236688217774e-02,1.734839328562e-02
1.552966291475e-02,2.846621543703e-02,8.054381418521e-02,4.774054674002e-02,2.969275099664e-01,0.000000000000e+00,1.163999732604e-02,4.020895028520e-01,7.924725898898e-02,9.680664811638e-03,2.813482677794e-02
1.855629275054e-02,3.519503578740e-02,3.303891611922e-01,3.029960959619e-02,4.652927713620e-02,9.410090460953e-04,7.104952606682e-03,2.359952220203e-01,2.629931940133e-01,9.158027632077e-03,2.283821821893e-02
1.168583137752e-02,1.956487393485e-02,4.578034330713e-02,3.409279243332e-01,4.297383067620e-01,1.903394410100e-03,1.358922578762e-02,5.149052653743e-02,5.149052653743e-02,1.086686663093e-02,2.296218038175e-02
2.212389380531e-02,4.572271386431e-02,6.637168141593e-01,2.949852507375e-02,3.687315634218e-02,1.474926253687e-03,4.424778761062e-03,8.702064896755e-02,7.964601769912e-02,7.374631268437e-03,2.212389380531e-02
1.477611540205e-02,2.519212410295e-02,9.487282427377e-02,3.237766418507e-02,4.820419485533e-02,8.073941255202e-04,7.428561224806e-03,2.221402629499e-01,5.222264456999e-01,1.219191893036e-02,1.978249425029e-02
1.740263983797e-02,3.394621090447e-02,2.909167343619e-01,4.425460616339e-02,2.381083789409e-01,5.376369404018e-04,8.855937985343e-03,2.538921989368e-01,7.731415310688e-02,9.362608312602e-03,2.540889450924e-02
1.826134253823e-02,4.468185883684e-01,6.885846289348e-02,4.606773324821e-02,4.896837156670e-02,4.143769026412e-04,8.716294366473e-03,4.893961274468e-02,2.751894015868e-01,1.203130958760e-02,2.573450619678e-02
1.829209087454e-02,1.778919292994e-01,8.566445753461e-02,3.443141457786e-02,5.784725332979e-02,2.257022626105e-04,1.074000341746e-02,3.782380125435e-01,1.994078476233e-01,8.906301032738e-03,2.835498750417e-02
8.139122284543e-03,5.211483055927e-02,7.760518974841e-02,5.957569265344e-02,4.504870061024e-02,6.782601903786e-04,1.961394347104e-01,4.747821332650e-02,4.178082772732e-01,6.664182260247e-02,2.877045604115e-02
1.005025125628e-02,2.010050251256e-02,5.778894472362e-02,8.040201005025e-02,6.683417085427e-01,0.000000000000e+00,1.005025125628e-02,5.778894472362e-02,5.778894472362e-02,1.507537688442e-02,2.261306532663e-02
1.414717749310e-02,2.514500354107e-02,8.475421291848e-02,4.466372226117e-02,2.197449388561e-01,4.602296216546e-04,8.962920703752e-03,2.396362258274e-01,3.280216959162e-01,1.205034509919e-02,2.241352776188e-02
1.294961695006e-01,3.779045167616e-02,1.911770019398e-01,6.711157485617e-02,3.920662820959e-02,9.011775071608e-04,3.973826148886e-03,9.383721568299e-02,4.140363766396e-01,9.587062045419e-03,1.288251579371e-02
1.701770922087e-02,2.975569489303e-02,9.479974868066e-02,2.968574202367e-02,5.737152801169e-02,3.735077913956e-04,1.022461610640e-02,4.342494795276e-01,2.913660319288e-01,9.034139862852e-03,2.612180195308e-02
1.785241357731e-02,3.434619721747e-02,3.900789300705e-01,3.176818948532e-02,3.931198828754e-02,1.296360523584e-03,4.951077755050e-03,8.232624990510e-02,3.684243960613e-01,1.072978735511e-02,1.891440976161e-02
1.832669364560e-02,3.452896544619e-02,3.101074657353e-01,3.036338874044e-02,4.706562388769e-02,9.109449988096e-04,7.252417185207e-03,2.438752295304e-01,2.754388151845e-01,9.284179811428e-03,2.284627583438e-02
1.602437160417e-02,2.790115101064e-02,2.386241641832e-01,2.291479238409e-01,5.128385730003e-02,2.233276925873e-03,8.984604685681e-03,7.007788189117e-02,3.264732237324e-01,9.602530606885e-03,1.964701421907e-02
6.393760390077e-03,5.665065377531e-02,4.751237196788e-02,5.775998075380e-02,4.667101038027e-02,0.000000000000e+00,1.768269894372e-01,1.684938895139e-01,2.724623691554e-02,6.218722534638e-02,3.502578815196e-01
1.708158409629e-02,3.744958115443e-02,2.471140556551e-01,3.063578192208e-02,5.081027348269e-02,4.329049223685e-04,9.834879941569e-03,3.521582629491e-01,7.331119612960e-02,9.915266129109e-03,1.712562136177e-01
1.637858007103e-02,3.042083867102e-02,2.956627884445e-01,3.255131553982e-02,4.015348398585e-02,1.234748121781e-03,5.132672202470e-03,8.070649228928e-02,4.680646208086e-01,1.188745195741e-02,1.780700790815e-02
1.894736842105e-02,3.368421052632e-02,9.473684210526e-02,2.736842105263e-02,6.526315789474e-02,0.000000000000e+00,1.263157894737e-02,6.168421052632e-01,9.263157894737e-02,6.315789473684e-03,3.157894736842e-02
1.985401295012e-02,2.938737548963e-01,7.856544209165e-02,3.741997049505e-02,6.056429826814e-02,0.000000000000e+00,1.185570045615e-02,3.891609979017e-01,6.899779704068e-02,7.998312493968e-03,3.170971340627e-02
2.126491626515e-02,4.246733173018e-02,5.098565556456e-01,2.892251471935e-02,4.455021562832e-02,1.076085264853e-03,6.644013989461e-03,2.302918891440e-01,8.315749773134e-02,7.088305421715e-03,2.468067446005e-02
1.646350603279e-02,2.989196402629e-02,8.442187255592e-02,4.217413110298e-02,2.336282700292e-01,0.000000000000e+00,1.191093397384e-02,4.607678294292e-01,8.290434853627e-02,8.761256842862e-03,2.907588747062e-02
1.895536235783e-02,4.815782484707e-01,4.511553153660e-02,2.693724681888e-01,6.178327682832e-02,1.515249571974e-03,1.326580510885e-02,3.525166661062e-02,3.525166661062e-02,8.720056392926e-03,2.919066832273e-02
1.599425708864e-02,2.939724577733e-02,2.710424409082e-01,3.275552676148e-02,4.037291591969e-02,1.218681814486e-03,5.180025529233e-03,8.028411752646e-02,4.940472220846e-01,1.218932941553e-02,1.751823717441e-02
2.012760611881e-02,3.815711527137e-02,3.061412954155e-01,2.815986099462e-02,5.471485557747e-02,5.480087061907e-04,9.582343135869e-03,4.199869946766e-01,8.780679492781e-02,6.709202039602e-03,2.806592313610e-02
1.530650670626e-02,2.627192644844e-02,9.485553360371e-02,3.174071912659e-02,5.037330941484e-02,7.047307720158e-04,8.090145488126e-03,2.723281618774e-01,4.676017608341e-01,1.144474585023e-02,2.128245987834e-02
1.792388203841e-02,3.546736124593e-02,3.491603180420e-01,4.327302201999e-02,2.216375440855e-01,6.864567627481e-04,8.086111494968e-03,2.130463134192e-01,7.679001019687e-02,9.271816842896e-03,2.465716385158e-02
1.091011252034e-02,4.969390631505e-02,5.484583911068e-02,3.152080373519e-01,6.579969481095e-02,1.782455862320e-03,1.742121127704e-01,1.971403544808e-01,4.323774465739e-02,5.264884198309e-02,3.452090013711e-02
2.028901098499e-02,3.876881289228e-02,3.350521729124e-01,2.826809534282e-02,5.327230944697e-02,6.229523146332e-04,9.165341120894e-03,3.930658305399e-01,8.714697562148e-02,6.763003661663e-03,2.758549516198e-02
1.530117605137e-01,3.814302282030e-02,6.089618962928e-02,3.445710465098e-01,6.198346612139e-02,1.853788817531e-03,1.135562199576e-02,2.495501370234e-01,5.569083348669e-02,3.824022180350e-03,1.912011090175e-02
1.368751476644e-02,2.385398633137e-02,6.173681667703e-02,2.191099855339e-01,3.459916976740e-01,1.129527205538e-03,1.292405878634e-02,2.216120083065e-01,6.449440389843e-02,9.952485780536e-03,2.550751503993e-02
1.026217905512e-02,4.082143411548e-02,3.409362246457e-02,5.539303868714e-01,7.172161233334e-02,3.420726351706e-03,1.493755489501e-01,3.078653716536e-02,3.078653716536e-02,4.412851941469e-02,3.067289611286e-02
2.039678410128e-02,4.112278801893e-02,5.530753925038e-01,3.041623023001e-02,3.785926188277e-02,1.402725848018e-03,4.637579956717e-03,8.512253830273e-02,1.964092737510e-01,8.731238890741e-03,2.082618651395e-02
1.555594414397e-02,2.867743387639e-01,6.910293409814e-02,5.348855749393e-02,2.073489347750e-01,3.895853646421e-04,8.680124140922e-03,5.457212336276e-02,2.672857324573e-01,1.308854449164e-02,2.371318090776e-02
1.438460619105e-02,3.406244808135e-02,7.089048590558e-02,3.167685113356e-02,5.528333826732e-02,0.000000000000e+00,1.199900924326e-02,4.388139484681e-01,6.734183345720e-02,1.167850239480e-02,2.638689768578e-01
2.063582954671e-02,4.008319760762e-02,3.971743950530e-01,2.850066380161e-02,5.017263974040e-02,7.839873261851e-04,8.269308414511e-03,3.352190032008e-01,8.572918947767e-02,6.878609848903e-03,2.655317598267e-02
1.894736842105e-02,3.368421052632e-02,9.473684210526e-02,2.736842105263e-02,6.526315789474e-02,0.000000000000e+00,1.263157894737e-02,6.168421052632e-01,9.263157894737e-02,6.315789473684e-03,3.157894736842e-02
2.005221647110e-02,3.787140103464e-02,2.926374840309e-01,2.810930645080e-02,5.538864594797e-02,5.130037378011e-04,9.777118149456e-03,4.325614425742e-01,8.811498603898e-02,6.684072157032e-03,2.829032340715e-02
1.385305418370e-02,4.820076578330e-02,3.078351287342e-01,4.661083113758e-02,4.170262144110e-02,1.010092215839e-03,1.121380641328e-01,6.435598059879e-02,2.977652890838e-01,4.098534232436e-02,2.554283036456e-02
2.212389380531e-02,4.572271386431e-02,6.637168141593e-01,2.949852507375e-02,3.687315634218e-02,1.474926253687e-03,4.424778761062e-03,8.702064896755e-02,7.964601769912e-02,7.374631268437e-03,2.212389380531e-02
1.116391595281e-02,2.078880916528e-02,7.073336337506e-02,6.430220809199e-02,4.499860901978e-01,3.847556850839e-04,8.470626157218e-03,6.457727241372e-02,2.746538764695e-01,1.482209550379e-02,2.011698698772e-02
1.503367979572e-02,2.571648910326e-02,9.486442771652e-02,3.206835600734e-02,4.925754296243e-02,7.575395668438e-04,7.749834496613e-03,2.465121100260e-01,4.957000420333e-01,1.182908270017e-02,2.051089559180e-02
1.883065321210e-02,3.626296034331e-02,3.824073304816e-01,3.051361871267e-02,4.386816659915e-02,1.078956543982e-03,6.334650531107e-03,1.860392235009e-01,2.634585721154e-01,9.277433848587e-03,2.192843411126e-02
1.262029065652e-02,3.122368028455e-02,6.310145328259e-02,1.822930872608e-02,6.104510605171e-02,0.000000000000e+00,1.720113511064e-02,4.372233976144e-01,7.048680677149e-02,2.502597877286e-01,3.860903377346e-02
1.771839135912e-02,3.255278444882e-02,2.347713907453e-01,3.030671106528e-02,5.005738122222e-02,7.519681768198e-04,8.105029597941e-03,2.962732347530e-01,2.964872334103e-01,9.408358794642e-03,2.356751642660e-02
1.831068107047e-02,3.763046314341e-02,4.723469058037e-01,4.557534831676e-02,2.363095662842e-01,1.009101002470e-03,6.201469040830e-03,7.778841383790e-02,7.274290882555e-02,9.806754062481e-03,2.227838861225e-02
1.374240105649e-02,2.464304470217e-02,8.211932691157e-02,4.816136356105e-02,2.635634487694e-01,4.161131835487e-04,9.063651756724e-03,2.214472958754e-01,3.020706618541e-01,1.235218611475e-02,2.242050621485e-02
1.787673587474e-02,3.346163025346e-02,1.994588273715e-01,3.788772160916e-02,1.745505804559e-01,2.897053378865e-04,1.052795156925e-02,4.062958476616e-01,8.344474015153e-02,8.192139521110e-03,2.801412019379e-02
1.809349539676e-02,3.374774896084e-02,2.788131575949e-01,3.031644848009e-02,4.838804145640e-02,8.411368372610e-04,7.630883960835e-03,2.674842764221e-01,2.821755259092e-01,9.308316135852e-03,2.320096884581e-02
1.324503311258e-02,2.207505518764e-02,9.492273730684e-02,3.421633554084e-02,4.194260485651e-02,1.103752759382e-03,5.518763796909e-03,7.726269315673e-02,6.799116997792e-01,1.434878587196e-02,1.545253863135e-02
1.922508207959e-02,4.165338305827e-01,7.084189069554e-02,4.351983086458e-02,5.395906584360e-02,2.059289264081e-04,1.015642315457e-02,1.792607179658e-01,1.672292789488e-01,1.030423248347e-02,2.876371845494e-02
1.651030869726e-02,3.077168025970e-02,3.041015358184e-01,3.248132112126e-02,4.007827259199e-02,1.240254929038e-03,5.116441612659e-03,8.085126335376e-02,4.591589541457e-01,1.178398194737e-02,1.790598552280e-02
2.212389380531e-02,4.572271386431e-02,6.637168141593e-01,2.949852507375e-02,3.687315634218e-02,1.474926253687e-03,4.424778761062e-03,8.702064896755e-02,7.964601769912e-02,7.374631268437e-03,2.212389380531e-02
2.003716290804e-02,3.781435053221e-02,2.899410862840e-01,2.809921188163e-02,5.552318624812e-02,5.060140579834e-04,9.816010199473e-03,4.350722680007e-01,8.817652465161e-02,6.679054302679e-03,2.833513093356e-02
1.559109685962e-02,2.832348239508e-02,2.452153490970e-01,3.296974721321e-02,4.060310311316e-02,1.201828031535e-03,5.229699836879e-03,7.984104044308e-02,5.213033372818e-01,1.250600312677e-02,1.721531260189e-02
1.650712997568e-01,4.849863530395e-02,2.650826364674e-01,7.342145915426e-02,4.672989417801e-02,4.624788022757e-04,6.105791512328e-03,3.008582812903e-01,7.036488217259e-02,4.671571564129e-03,1.873306979789e-02
1.669192764098e-02,3.260055687536e-02,2.678195100676e-01,4.772745828196e-02,2.795074471980e-01,4.841749795469e-04,8.980617807201e-03,2.356737929462e-01,7.545248147393e-02,9.910594042153e-03,2.515143868707e-02
1.856276050258e-02,3.816541624152e-02,4.849977651121e-01,4.451256038567e-02,2.231254560715e-01,1.039895236350e-03,6.084017666384e-03,7.839872769932e-02,7.319925151757e-02,9.645974117751e-03,2.226817544925e-02
1.718227187683e-02,3.256136437162e-02,3.471485763822e-01,3.212427137898e-02,3.969461044656e-02,1.268345799031e-03,5.033647469522e-03,8.158975754120e-02,4.137301034999e-01,1.125616928487e-02,1.841088194926e-02
2.010660880925e-01,4.083279997811e-02,8.453898572641e-02,8.949991616924e-02,3.895841818530e-02,6.622149355803e-04,3.311074677901e-03,1.015320480236e-01,4.217186509507e-01,8.608794162544e-03,9.271009098124e-03
1.324503311258e-02,2.207505518764e-02,9.492273730684e-02,3.421633554084e-02,4.194260485651e-02,1.103752759382e-03,5.518763796909e-03,7.726269315673e-02,6.799116997792e-01,1.434878587196e-02,1.545253863135e-02
1.577080007679e-02,2.721716266652e-02,9.484039771551e-02,3.118315084503e-02,5.227210658951e-02,6.148614358295e-04,8.669282410370e-03,3.162615909661e-01,4.197844628333e-01,1.079068628139e-02,2.259549817967e-02
1.696467274603e-02,2.964772006485e-02,9.480147766109e-02,2.974943334045e-02,5.715462741610e-02,3.837736127294e-04,1.015846099250e-02,4.292309409165e-01,2.968282269196e-01,9.108853429907e-03,2.597181290033e-02
1.894736842105e-02,3.368421052632e-02,9.473684210526e-02,2.736842105263e-02,6.526315789474e-02,0.000000000000e+00,1.263157894737e-02,6.168421052632e-01,9.263157894737e-02,6.315789473684e-03,3.157894736842e-02
1.474255822694e-02,3.804614305144e-02,2.529701149239e-01,3.301233003674e-02,4.453760097795e-02,4.811823497150e-04,9.227562862528e-03,2.394960245808e-01,5.934548243689e-02,1.282123510205e-02,2.953197654511e-01
2.099507606202e-02,4.144468220181e-02,4.615227151561e-01,2.874156615694e-02,4.696189595791e-02,9.507928929227e-04,7.341167124222e-03,2.752992831021e-01,8.426059815115e-02,6.998358687340e-03,2.548386450747e-02
1.888617851018e-02,3.709949193966e-02,4.563035720627e-01,3.121889524706e-02,3.872175286382e-02,1.339576219348e-03,4.823705178063e-03,8.346236780162e-02,2.985355179706e-01,9.917787176820e-03,1.969115503020e-02
1.812924598465e-02,2.307901639611e-01,6.137276663628e-02,2.527713373888e-01,6.617056535506e-02,1.468633971823e-03,1.395304809737e-02,2.605406078838e-01,5.854513875187e-02,7.113465830918e-03,2.914502613837e-02
2.106132019773e-02,4.169573646785e-02,4.733883802861e-01,2.878598793318e-02,4.636984304216e-02,9.815514114597e-04,7.170020251604e-03,2.642502404506e-01,8.398979367847e-02,7.020440065911e-03,2.528668621496e-02
1.504537450647e-02,2.574029789501e-02,9.486404647086e-02,3.205431187018e-02,4.930537023104e-02,7.552759207110e-04,7.764421908850e-03,2.476187136917e-01,4.944956107301e-01,1.181260812189e-02,2.054396865319e-02
1.768608206652e-02,3.630496359973e-02,4.410007778908e-01,4.820870986319e-02,2.689769760679e-01,9.327994666896e-04,6.492488466244e-03,7.627618641520e-02,7.161218908175e-02,1.020513243271e-02,2.230369464924e-02
1.444867635554e-01,4.055772402973e-02,2.297311707977e-01,3.648538904779e-01,5.456760998967e-02,2.447951143108e-03,9.349891995739e-03,8.179574889580e-02,5.133476618251e-02,4.215601449888e-03,1.665888148249e-02
1.576516615618e-02,2.720569279391e-02,9.484058138040e-02,3.118991660055e-02,5.224906582860e-02,6.159519461353e-04,8.662254932378e-03,3.157284852459e-01,4.203646969652e-01,1.079862290061e-02,2.257956525015e-02
1.252899265480e-02,2.163250240470e-02,8.660001011092e-02,4.456784403381e-02,1.823362596136e-01,8.563707262246e-04,6.534397571229e-03,7.289807849133e-02,5.404764950100e-01,1.451163535108e-02,1.705741403238e-02
2.095244698284e-02,4.128312507571e-02,4.538869844915e-01,2.871298008820e-02,4.734289074871e-02,9.309993322061e-04,7.451302663114e-03,2.824095051474e-01,8.443486482677e-02,6.984148994279e-03,2.561075164933e-02
1.998685210607e-02,3.762368095332e-02,2.809294036332e-01,2.806547462831e-02,5.597283596694e-02,4.826537149409e-04,9.945992066129e-03,4.434637458386e-01,8.838219402972e-02,6.662284035358e-03,2.848488302738e-02
